00 00 01 00 02 10 00 71 00 01 00 05 00 02 8F 75 02 09 00 00 00 8E 57 6B 
00 00 01 00 03 10 00 71 00 01 00 05 00 03 8F 75 03 09 00 00 00 8E 4A 6C 
00 00 01 00 03 10 00 71 00 03 00 05 00 05 8F 75 05 09 00 00 00 8E 47 6B 
00 00 01 00 03 10 00 71 00 01 00 05 00 03 90 75 03 09 00 00 00 8F 4C 6A 
00 00 01 00 03 10 00 71 00 02 00 05 00 04 8F 75 04 09 00 00 00 8F 41 6B 
00 00 01 00 03 10 00 71 00 01 00 05 00 03 BD 75 03 09 00 00 00 09 4F 6B 
00 00 01 00 02 10 00 71 00 01 00 05 00 02 BD 75 02 09 00 00 00 09 4E 6C 
00 00 01 00 03 10 00 71 00 02 00 05 00 04 BC 75 04 09 00 00 00 09 4D 6C 
00 00 01 00 02 10 00 71 00 01 00 05 00 02 BD 75 02 09 00 00 00 09 4E 6C 
00 00 01 00 03 10 00 71 00 03 00 05 00 05 BD 75 05 09 00 00 00 09 4B 6C 
00 00 01 00 03 10 00 71 00 03 00 05 00 06 BD 75 06 09 00 00 00 09 45 6B 
00 00 01 00 03 10 00 71 00 01 00 05 00 03 BE 75 03 09 00 00 00 0A 4C 6B 
00 00 01 00 02 10 00 71 00 01 00 05 00 02 BE 75 02 09 00 00 00 0A 4E 6C 
00 00 01 00 03 10 00 71 00 01 00 05 00 03 BE 75 03 09 00 00 00 0A 4C 6B 
00 00 01 00 03 10 00 71 00 02 00 05 00 04 BD 75 04 09 00 00 00 0A 4D 6C 
00 00 01 00 03 10 00 71 00 03 00 05 00 06 BE 75 06 09 00 00 00 0A 47 6B 
00 00 01 00 02 10 00 71 00 01 00 05 00 02 BF 75 02 09 00 00 00 0B 4F 6C 
00 00 01 00 03 10 00 71 00 01 00 05 00 03 BF 75 03 09 00 00 00 0B 4D 6B 
00 00 01 00 03 10 00 71 00 03 00 05 00 05 BE 75 05 09 00 00 00 0A 46 6C 
00 00 01 00 03 10 00 71 00 02 00 05 00 04 BE 75 04 09 00 00 00 0B 4D 6C 
00 00 01 00 03 10 00 71 00 03 00 05 00 06 BF 75 06 09 00 00 00 0B 47 6C 
00 00 01 00 03 10 00 71 00 03 00 05 00 05 BF 75 05 09 00 00 00 0B 47 6C 
00 00 01 00 02 10 00 71 00 01 00 05 00 02 C0 75 02 09 00 00 00 0C 4F 6B 
00 00 01 00 03 10 00 71 00 01 00 05 00 03 C0 75 03 09 00 00 00 0C 4E 6B 
00 00 01 00 03 10 00 71 00 02 00 05 00 04 BF 75 04 09 00 00 00 0C 50 6C 
00 00 01 00 03 10 00 71 00 03 00 05 00 06 C0 75 06 09 00 00 00 0C 47 6A 
00 00 01 00 03 10 00 71 00 03 00 05 00 05 C0 75 05 09 00 00 00 0C 46 6B 
00 00 01 00 02 10 00 71 00 01 00 05 00 02 C1 75 02 09 00 00 00 0D 50 6B 
00 00 01 00 03 10 00 71 00 01 00 05 00 03 C1 75 03 09 00 00 00 0D 4E 6C 
00 00 01 00 03 10 00 71 00 02 00 05 00 04 C0 75 04 09 00 00 00 0D 4F 6B 
00 00 01 00 03 10 00 71 00 03 00 05 00 06 C1 75 06 09 00 00 00 0D 47 6B 
00 00 01 00 03 10 00 71 00 03 00 05 00 05 C1 75 05 09 00 00 00 0D 46 6B 
00 00 01 00 02 10 00 71 00 01 00 05 00 02 C2 75 02 09 00 00 00 0E 50 6A 
00 00 01 00 03 10 00 71 00 01 00 05 00 03 C2 75 03 09 00 00 00 0E 50 6C 
00 00 01 00 03 10 00 71 00 02 00 05 00 04 C1 75 04 09 00 00 00 0E 51 6C 
00 00 01 00 03 10 00 71 00 03 00 05 00 05 C2 75 05 09 00 00 00 0E 49 6B 
00 00 01 00 03 10 00 71 00 04 00 05 00 06 C2 75 06 09 00 00 00 0E 47 6C 
00 00 01 00 02 10 00 71 00 01 00 05 00 02 C3 75 02 09 00 00 00 0F 51 6C 
00 00 01 00 03 10 00 71 00 01 00 05 00 03 C3 75 03 09 00 00 00 0F 51 6B 
00 00 01 00 03 10 00 71 00 02 00 05 00 04 C2 75 04 09 00 00 00 0F 52 6C 
00 00 01 00 03 10 00 71 00 03 00 05 00 05 C3 75 05 09 00 00 00 0F 4B 6B 
00 00 01 00 03 10 00 71 00 03 00 05 00 06 C3 75 06 09 00 00 00 0F 47 6C 
00 00 01 00 03 10 00 71 00 01 00 05 00 03 C4 75 03 09 00 00 00 10 53 6A 
00 00 01 00 02 10 00 71 00 01 00 05 00 02 C4 75 02 09 00 00 00 10 51 6C 
00 00 01 00 03 10 00 71 00 01 00 05 00 03 C4 75 03 09 00 00 00 10 53 6A 
00 00 01 00 03 10 00 71 00 02 00 05 00 04 C3 75 04 09 00 00 00 10 53 6C 
00 00 01 00 03 10 00 71 00 03 00 05 00 06 C4 75 06 09 00 00 00 10 47 6A 
00 00 01 00 03 10 00 71 00 03 00 05 00 05 C4 75 05 09 00 00 00 10 4B 6C 
00 00 01 00 03 10 00 71 00 01 00 05 00 03 C5 75 03 09 00 00 00 11 53 6C 
00 00 01 00 02 10 00 71 00 01 00 05 00 02 C5 75 02 09 00 00 00 11 51 6C 
00 00 01 00 03 10 00 71 00 02 00 05 00 04 C4 75 04 09 00 00 00 11 53 6C 
00 00 01 00 03 10 00 71 00 03 00 05 00 05 C5 75 05 09 00 00 00 11 4B 67 
00 00 01 00 03 10 00 71 00 03 00 05 00 06 C5 75 06 09 00 00 00 11 47 6C 
00 00 01 00 02 10 00 71 00 01 00 05 00 02 C6 75 02 09 00 00 00 12 51 6A 
00 00 01 00 03 10 00 71 00 01 00 05 00 03 C6 75 03 09 00 00 00 12 53 6B 
00 00 01 00 03 10 00 71 00 02 00 05 00 04 C5 75 04 09 00 00 00 12 53 6C 
00 00 01 00 03 10 00 71 00 03 00 05 00 05 C6 75 05 09 00 00 00 12 4D 6B 
00 00 01 00 03 10 00 71 00 03 00 05 00 06 C6 75 06 09 00 00 00 12 47 6B 
00 00 01 00 03 10 00 71 00 01 00 05 00 03 C7 75 03 09 00 00 00 13 54 6B 
00 00 01 00 02 10 00 71 00 01 00 05 00 02 C7 75 02 09 00 00 00 13 50 6C 
00 00 01 00 02 10 00 71 00 01 00 05 00 02 C7 75 02 09 00 00 00 13 50 6C 
00 00 01 00 03 10 00 71 00 01 00 05 00 03 C7 75 03 09 00 00 00 13 54 6B 
00 00 01 00 03 10 00 71 00 02 00 05 00 04 C6 75 04 09 00 00 00 13 53 6C 
00 00 01 00 03 10 00 71 00 03 00 05 00 05 C7 75 05 09 00 00 00 13 4D 6A 
00 00 01 00 03 10 00 71 00 03 00 05 00 06 C7 75 06 09 00 00 00 13 47 6C 
00 00 01 00 02 10 00 71 00 01 00 05 00 02 C8 75 02 09 00 00 00 14 51 6B 
00 00 01 00 03 10 00 71 00 01 00 05 00 03 C8 75 03 09 00 00 00 14 53 6C 
00 00 01 00 03 10 00 71 00 02 00 05 00 04 C7 75 04 09 00 00 00 14 53 6C 
00 00 01 00 03 10 00 71 00 03 00 05 00 05 C8 75 05 09 00 00 00 14 4D 6B 
00 00 01 00 03 10 00 71 00 03 00 05 00 06 C8 75 06 09 00 00 00 14 47 6B 
00 00 01 00 02 10 00 71 00 01 00 05 00 02 C9 75 02 09 00 00 00 15 50 6C 
00 00 01 00 03 10 00 71 00 01 00 05 00 03 C9 75 03 09 00 00 00 15 53 6B 
00 00 01 00 03 10 00 71 00 02 00 05 00 04 C8 75 04 09 00 00 00 15 53 6C 
00 00 01 00 03 10 00 71 00 03 00 05 00 05 C9 75 05 09 00 00 00 15 49 6C 
00 00 01 00 03 10 00 71 00 03 00 05 00 06 C9 75 06 09 00 00 00 15 47 6A 
00 00 01 00 02 10 00 71 00 01 00 05 00 02 CA 75 02 09 00 00 00 16 51 6C 
00 00 01 00 03 10 00 71 00 01 00 05 00 03 CA 75 03 09 00 00 00 16 54 6B 
00 00 01 00 03 10 00 71 00 02 00 05 00 04 C9 75 04 09 00 00 00 16 53 6C 
00 00 01 00 03 10 00 71 00 03 00 05 00 05 CA 75 05 09 00 00 00 16 48 6C 
00 00 01 00 03 10 00 71 00 03 00 05 00 06 CA 75 06 09 00 00 00 16 47 6B 
00 00 01 00 03 10 00 71 00 01 00 05 00 03 CB 75 03 09 00 00 00 17 52 6B 
00 00 01 00 02 10 00 71 00 01 00 05 00 02 CB 75 02 09 00 00 00 17 50 6B 
00 00 01 00 03 10 00 71 00 02 00 05 00 04 CA 75 04 09 00 00 00 17 53 6C 
00 00 01 00 03 10 00 71 00 03 00 05 00 05 CB 75 05 09 00 00 00 17 4A 6A 
00 00 01 00 03 10 00 71 00 03 00 05 00 06 CB 75 06 09 00 00 00 17 47 6A 
00 00 01 00 02 10 00 71 00 01 00 05 00 02 CC 75 02 09 00 00 00 18 4F 6B 
00 00 01 00 03 10 00 71 00 01 00 05 00 03 CC 75 03 09 00 00 00 18 55 6B 
00 00 01 00 03 10 00 71 00 02 00 05 00 04 CB 75 04 09 00 00 00 18 53 6C 
00 00 01 00 03 10 00 71 00 03 00 05 00 06 CC 75 06 09 00 00 00 18 47 6B 
00 00 01 00 03 10 00 71 00 03 00 05 00 05 CC 75 05 09 00 00 00 18 4A 6C 
00 00 01 00 02 10 00 71 00 01 00 05 00 02 CD 75 02 09 00 00 00 19 50 6A 
00 00 01 00 03 10 00 71 00 01 00 05 00 03 CD 75 03 09 00 00 00 19 53 6A 
00 00 01 00 03 10 00 71 00 02 00 05 00 04 CC 75 04 09 00 00 00 19 53 6C 
00 00 01 00 03 10 00 71 00 03 00 05 00 05 CD 75 05 09 00 00 00 19 46 6C 
00 00 01 00 03 10 00 71 00 03 00 05 00 06 CD 75 06 09 00 00 00 19 47 69 
00 00 01 00 03 10 00 71 00 01 00 05 00 03 CE 75 03 09 00 00 00 1A 53 6B 
00 00 01 00 02 10 00 71 00 01 00 05 00 02 CE 75 02 09 00 00 00 1A 51 6A 
00 00 01 00 03 10 00 71 00 02 00 05 00 04 CD 75 04 09 00 00 00 1A 53 6C 
00 00 01 00 03 10 00 71 00 03 00 05 00 05 CE 75 05 09 00 00 00 1A 46 6A 
00 00 01 00 03 10 00 71 00 03 00 05 00 06 CE 75 06 09 00 00 00 1A 47 6A 
00 00 01 00 02 10 00 71 00 01 00 05 00 02 CF 75 02 09 00 00 00 1B 51 6C 
00 00 01 00 03 10 00 71 00 01 00 05 00 03 CF 75 03 09 00 00 00 1B 52 6A 
00 00 01 00 03 10 00 71 00 02 00 05 00 04 CE 75 04 09 00 00 00 1B 53 6C 
00 00 01 00 03 10 00 71 00 03 00 05 00 06 CF 75 06 09 00 00 00 1B 46 68 
00 00 01 00 03 10 00 71 00 03 00 05 00 05 CF 75 05 09 00 00 00 1B 44 6C 
00 00 01 00 02 10 00 71 00 01 00 05 00 02 D0 75 02 09 00 00 00 1C 51 6C 
00 00 01 00 03 10 00 71 00 01 00 05 00 03 D0 75 03 09 00 00 00 1C 51 6B 
00 00 01 00 03 10 00 71 00 01 00 05 00 03 D0 75 03 09 00 00 00 1C 51 6B 
00 00 01 00 03 10 00 71 00 02 00 05 00 04 CF 75 04 09 00 00 00 1C 53 6C 
00 00 01 00 03 10 00 71 00 03 00 05 00 06 D0 75 06 09 00 00 00 1C 46 6C 
00 00 01 00 03 10 00 71 00 03 00 05 00 05 D0 75 05 09 00 00 00 1C 44 6C 
00 00 01 00 02 10 00 71 00 01 00 05 00 02 D1 75 02 09 00 00 00 1D 51 6B 
00 00 01 00 03 10 00 71 00 01 00 05 00 03 D1 75 03 09 00 00 00 1D 53 6A 
00 00 01 00 03 10 00 71 00 02 00 05 00 04 D0 75 04 09 00 00 00 1D 53 6C 
00 00 01 00 03 10 00 71 00 03 00 05 00 06 D1 75 06 09 00 00 00 1D 47 6B 
00 00 01 00 03 10 00 71 00 03 00 05 00 05 D1 75 05 09 00 00 00 1D 45 6C 
00 00 01 00 03 10 00 71 00 01 00 05 00 03 D2 75 03 09 00 00 00 1E 55 6A 
00 00 01 00 02 10 00 71 00 01 00 05 00 02 D2 75 02 09 00 00 00 1E 51 6C 
00 00 01 00 03 10 00 71 00 02 00 05 00 04 D1 75 04 09 00 00 00 1E 53 6C 
00 00 01 00 03 10 00 71 00 03 00 05 00 06 D2 75 06 09 00 00 00 1E 47 6C 
00 00 01 00 03 10 00 71 00 03 00 05 00 05 D2 75 05 09 00 00 00 1E 46 6C 
00 00 01 00 02 10 00 71 00 01 00 05 00 02 D3 75 02 09 00 00 00 1F 51 68 
00 00 01 00 03 10 00 71 00 01 00 05 00 03 D3 75 03 09 00 00 00 1F 54 6B 
00 00 01 00 03 10 00 71 00 02 00 05 00 04 D2 75 04 09 00 00 00 1F 54 6C 
00 00 01 00 03 10 00 71 00 03 00 05 00 06 D3 75 06 09 00 00 00 1F 46 6C 
00 00 01 00 03 10 00 71 00 03 00 05 00 05 D3 75 05 09 00 00 00 1F 48 6C 
00 00 01 00 03 10 00 71 00 01 00 05 00 03 D4 75 03 09 00 00 00 20 57 6B 
00 00 01 00 02 10 00 71 00 01 00 05 00 02 D4 75 02 09 00 00 00 20 50 6A 
00 00 01 00 03 10 00 71 00 02 00 05 00 04 D3 75 04 09 00 00 00 20 53 6C 
00 00 01 00 03 10 00 71 00 03 00 05 00 06 D4 75 06 09 00 00 00 20 47 6A 
00 00 01 00 03 10 00 71 00 03 00 05 00 05 D4 75 05 09 00 00 00 20 47 6C 
00 00 01 00 02 10 00 71 00 01 00 05 00 02 D5 75 02 09 00 00 00 21 51 6B 
00 00 01 00 03 10 00 71 00 01 00 05 00 03 D5 75 03 09 00 00 00 21 55 6B 
00 00 01 00 02 10 00 71 00 01 00 05 00 02 D5 75 02 09 00 00 00 21 51 6B 
00 00 01 00 03 10 00 71 00 02 00 05 00 04 D4 75 04 09 00 00 00 21 54 6C 
00 00 01 00 03 10 00 71 00 03 00 05 00 06 D5 75 06 09 00 00 00 21 47 6C 
00 00 01 00 03 10 00 71 00 03 00 05 00 05 D5 75 05 09 00 00 00 21 47 6C 
00 00 01 00 03 10 00 71 00 01 00 05 00 03 D6 75 03 09 00 00 00 22 57 6C 
00 00 01 00 02 10 00 71 00 01 00 05 00 02 D6 75 02 09 00 00 00 22 50 69 
00 00 01 00 03 10 00 71 00 02 00 05 00 04 D5 75 04 09 00 00 00 22 54 6C 
00 00 01 00 03 10 00 71 00 03 00 05 00 06 D6 75 06 09 00 00 00 22 47 6C 
00 00 01 00 03 10 00 71 00 03 00 05 00 05 D6 75 05 09 00 00 00 22 48 68 
00 00 01 00 03 10 00 71 00 01 00 05 00 03 D7 75 03 09 00 00 00 23 55 6C 
00 00 01 00 02 10 00 71 00 01 00 05 00 02 D7 75 02 09 00 00 00 23 50 6B 
00 00 01 00 03 10 00 71 00 02 00 05 00 04 D6 75 04 09 00 00 00 23 53 6C 
00 00 01 00 03 10 00 71 00 03 00 05 00 05 D7 75 05 09 00 00 00 23 48 6A 
00 00 01 00 03 10 00 71 00 03 00 05 00 06 D7 75 06 09 00 00 00 23 47 69 
00 00 01 00 03 10 00 71 00 01 00 05 00 03 D8 75 03 09 00 00 00 24 55 6B 
00 00 01 00 02 10 00 71 00 01 00 05 00 02 D8 75 02 09 00 00 00 24 50 6C 
00 00 01 00 03 10 00 71 00 02 00 05 00 04 D7 75 04 09 00 00 00 24 54 6C 
00 00 01 00 02 10 00 71 00 01 00 05 00 02 D8 75 02 09 00 00 00 24 50 6C 
00 00 01 00 03 10 00 71 00 03 00 05 00 05 D8 75 05 09 00 00 00 24 49 6B 
00 00 01 00 03 10 00 71 00 03 00 05 00 06 D8 75 06 09 00 00 00 24 47 6B 
00 00 01 00 02 10 00 71 00 01 00 05 00 02 D9 75 02 09 00 00 00 25 51 69 
00 00 01 00 03 10 00 71 00 01 00 05 00 03 D9 75 03 09 00 00 00 25 54 6B 
00 00 01 00 03 10 00 71 00 02 00 05 00 04 D8 75 04 09 00 00 00 25 53 6C 
00 00 01 00 03 10 00 71 00 03 00 05 00 06 D9 75 06 09 00 00 00 25 47 69 
00 00 01 00 03 10 00 71 00 03 00 05 00 05 D9 75 05 09 00 00 00 25 48 6A 
00 00 01 00 03 10 00 71 00 01 00 05 00 03 DA 75 03 09 00 00 00 26 52 6B 
00 00 01 00 02 10 00 71 00 01 00 05 00 02 DA 75 02 09 00 00 00 26 51 6A 
00 00 01 00 03 10 00 71 00 02 00 05 00 04 D9 75 04 09 00 00 00 26 54 6C 
00 00 01 00 03 10 00 71 00 03 00 05 00 05 DA 75 05 09 00 00 00 26 45 6A 
00 00 01 00 03 10 00 71 00 03 00 05 00 06 DA 75 06 09 00 00 00 26 47 6B 
00 00 01 00 02 10 00 71 00 01 00 05 00 02 DB 75 02 09 00 00 00 27 51 6B 
00 00 01 00 03 10 00 71 00 01 00 05 00 03 DB 75 03 09 00 00 00 27 53 6B 
00 00 01 00 03 10 00 71 00 02 00 05 00 04 DA 75 04 09 00 00 00 27 54 6C 
00 00 01 00 03 10 00 71 00 03 00 05 00 06 DB 75 06 09 00 00 00 27 47 6B 
00 00 01 00 03 10 00 71 00 03 00 05 00 05 DB 75 05 09 00 00 00 27 46 6B 
00 00 01 00 03 10 00 71 00 01 00 05 00 03 DC 75 03 09 00 00 00 28 55 6B 
00 00 01 00 02 10 00 71 00 01 00 05 00 02 DC 75 02 09 00 00 00 28 51 6B 
00 00 01 00 03 10 00 71 00 02 00 05 00 04 DB 75 04 09 00 00 00 28 53 6C 
00 00 01 00 03 10 00 71 00 03 00 05 00 05 DC 75 05 09 00 00 00 28 47 6C 
00 00 01 00 03 10 00 71 00 03 00 05 00 06 DC 75 06 09 00 00 00 28 47 6C 
00 00 01 00 02 10 00 71 00 01 00 05 00 02 DD 75 02 09 00 00 00 29 51 6B 
00 00 01 00 03 10 00 71 00 01 00 05 00 03 DD 75 03 09 00 00 00 29 53 6A 
00 00 01 00 03 10 00 71 00 02 00 05 00 04 DC 75 04 09 00 00 00 29 53 6B 
00 00 01 00 03 10 00 71 00 03 00 05 00 06 DD 75 06 09 00 00 00 29 47 6C 
00 00 01 00 03 10 00 71 00 03 00 05 00 05 DD 75 05 09 00 00 00 29 46 6B 
00 00 01 00 03 10 00 71 00 01 00 05 00 03 DE 75 03 09 00 00 00 2A 53 6B 
00 00 01 00 02 10 00 71 00 01 00 05 00 02 DE 75 02 09 00 00 00 2A 51 6C 
00 00 01 00 03 10 00 71 00 02 00 05 00 04 DD 75 04 09 00 00 00 2A 53 6C 
00 00 01 00 03 10 00 71 00 03 00 05 00 06 DE 75 06 09 00 00 00 2A 47 68 
00 00 01 00 03 10 00 71 00 03 00 05 00 05 DE 75 05 09 00 00 00 2A 44 6C 
00 00 01 00 02 10 00 71 00 01 00 05 00 02 DF 75 02 09 00 00 00 2B 51 6C 
00 00 01 00 03 10 00 71 00 01 00 05 00 03 DF 75 03 09 00 00 00 2B 56 6C 
00 00 01 00 03 10 00 71 00 02 00 05 00 04 DE 75 04 09 00 00 00 2B 54 6C 
00 00 01 00 03 10 00 71 00 03 00 05 00 06 DF 75 06 09 00 00 00 2B 47 6B 
00 00 01 00 03 10 00 71 00 03 00 05 00 05 DF 75 05 09 00 00 00 2B 47 69 
00 00 01 00 03 10 00 71 00 01 00 05 00 03 E0 75 03 09 00 00 00 2C 55 68 
00 00 01 00 02 10 00 71 00 01 00 05 00 02 E0 75 02 09 00 00 00 2C 50 6A 
00 00 01 00 03 10 00 71 00 02 00 05 00 04 DF 75 04 09 00 00 00 2C 55 6C 
00 00 01 00 03 10 00 71 00 03 00 05 00 06 E0 75 06 09 00 00 00 2C 47 6B 
00 00 01 00 03 10 00 71 00 03 00 05 00 05 E0 75 05 09 00 00 00 2C 48 6B 
00 00 01 00 02 10 00 71 00 01 00 05 00 02 E1 75 02 09 00 00 00 2D 50 6B 
00 00 01 00 03 10 00 71 00 01 00 05 00 03 E1 75 03 09 00 00 00 2D 55 6A 
00 00 01 00 03 10 00 71 00 02 00 05 00 04 E0 75 04 09 00 00 00 2D 54 6C 
00 00 01 00 03 10 00 71 00 03 00 05 00 05 E1 75 05 09 00 00 00 2D 47 6C 
00 00 01 00 03 10 00 71 00 03 00 05 00 06 E1 75 06 09 00 00 00 2D 47 6C 
00 00 01 00 02 10 00 71 00 01 00 05 00 02 E2 75 02 09 00 00 00 2E 50 6C 
00 00 01 00 03 10 00 71 00 01 00 05 00 03 E2 75 03 09 00 00 00 2E 55 6B 
00 00 01 00 03 10 00 71 00 02 00 05 00 04 E1 75 04 09 00 00 00 2E 55 6C 
00 00 01 00 03 10 00 71 00 03 00 05 00 05 E2 75 05 09 00 00 00 2E 47 6C 
00 00 01 00 03 10 00 71 00 03 00 05 00 06 E2 75 06 09 00 00 00 2E 48 6C 
00 00 01 00 03 10 00 71 00 01 00 05 00 03 E3 75 03 09 00 00 00 2F 55 6A 
00 00 01 00 02 10 00 71 00 01 00 05 00 02 E3 75 02 09 00 00 00 2F 4F 6B 
00 00 01 00 03 10 00 71 00 02 00 05 00 04 E2 75 04 09 00 00 00 2F 55 6C 
00 00 01 00 03 10 00 71 00 03 00 05 00 06 E3 75 06 09 00 00 00 2F 48 6B 
00 00 01 00 03 10 00 71 00 03 00 05 00 05 E3 75 05 09 00 00 00 2F 49 6B 
00 00 01 00 02 10 00 71 00 01 00 05 00 02 E4 75 02 09 00 00 00 30 4F 6B 
00 00 01 00 03 10 00 71 00 01 00 05 00 03 E4 75 03 09 00 00 00 30 58 6C 
00 00 01 00 03 10 00 71 00 02 00 05 00 04 E3 75 04 09 00 00 00 30 55 6C 
00 00 01 00 03 10 00 71 00 03 00 05 00 05 E4 75 05 09 00 00 00 30 48 6C 
00 00 01 00 03 10 00 71 00 03 00 05 00 06 E4 75 06 09 00 00 00 30 49 6C 
00 00 01 00 02 10 00 71 00 01 00 05 00 02 E5 75 02 09 00 00 00 31 4E 6C 
00 00 01 00 03 10 00 71 00 01 00 05 00 03 E5 75 03 09 00 00 00 31 57 6B 
00 00 01 00 03 10 00 71 00 02 00 05 00 04 E4 75 04 09 00 00 00 31 55 6B 
00 00 01 00 03 10 00 71 00 03 00 05 00 05 E5 75 05 09 00 00 00 31 48 6C 
00 00 01 00 03 10 00 71 00 03 00 05 00 06 E5 75 06 09 00 00 00 31 49 6C 
00 00 01 00 03 10 00 71 00 01 00 05 00 03 E6 75 03 09 00 00 00 32 59 6C 
00 00 01 00 02 10 00 71 00 01 00 05 00 02 E6 75 02 09 00 00 00 32 4D 6C 
00 00 01 00 03 10 00 71 00 02 00 05 00 04 E5 75 04 09 00 00 00 32 55 6C 
00 00 01 00 03 10 00 71 00 03 00 05 00 06 E6 75 06 09 00 00 00 32 49 6C 
00 00 01 00 03 10 00 71 00 03 00 05 00 05 E6 75 05 09 00 00 00 32 48 6B 
00 00 01 00 02 10 00 71 00 01 00 05 00 02 E7 75 02 09 00 00 00 33 4D 6C 
00 00 01 00 03 10 00 71 00 01 00 05 00 03 E7 75 03 09 00 00 00 33 59 6B 
00 00 01 00 03 10 00 71 00 02 00 05 00 04 E6 75 04 09 00 00 00 33 55 6C 
00 00 01 00 03 10 00 71 00 03 00 05 00 05 E7 75 05 09 00 00 00 33 48 6B 
00 00 01 00 03 10 00 71 00 03 00 05 00 06 E7 75 06 09 00 00 00 33 49 6B 
00 00 01 00 02 10 00 71 00 01 00 05 00 02 E8 75 02 09 00 00 00 34 4D 6B 
00 00 01 00 03 10 00 71 00 01 00 05 00 03 E8 75 03 09 00 00 00 34 59 6C 
00 00 01 00 03 10 00 71 00 02 00 05 00 04 E7 75 04 09 00 00 00 34 55 6C 
00 00 01 00 03 10 00 71 00 03 00 05 00 06 E8 75 06 09 00 00 00 34 48 6B 
00 00 01 00 03 10 00 71 00 03 00 05 00 05 E8 75 05 09 00 00 00 34 47 6C 
00 00 01 00 02 10 00 71 00 01 00 05 00 02 E9 75 02 09 00 00 00 35 4E 6C 
00 00 01 00 03 10 00 71 00 01 00 05 00 03 E9 75 03 09 00 00 00 35 57 6B 
00 00 01 00 03 10 00 71 00 02 00 05 00 04 E8 75 04 09 00 00 00 35 55 6A 
00 00 01 00 03 10 00 71 00 03 00 05 00 06 E9 75 06 09 00 00 00 35 49 6C 
00 00 01 00 03 10 00 71 00 03 00 05 00 05 E9 75 05 09 00 00 00 35 48 69 
00 00 01 00 03 10 00 71 00 01 00 05 00 03 EA 75 03 09 00 00 00 36 57 6A 
00 00 01 00 02 10 00 71 00 01 00 05 00 02 EA 75 02 09 00 00 00 36 4D 6C 
00 00 01 00 02 10 00 71 00 01 00 05 00 02 EA 75 02 09 00 00 00 36 4D 6C 
00 00 01 00 03 10 00 71 00 02 00 05 00 04 E9 75 04 09 00 00 00 36 55 6A 
00 00 01 00 03 10 00 71 00 03 00 05 00 06 EA 75 06 09 00 00 00 36 49 6A 
00 00 01 00 03 10 00 71 00 03 00 05 00 05 EA 75 05 09 00 00 00 36 47 6B 
00 00 01 00 02 10 00 71 00 01 00 05 00 02 EB 75 02 09 00 00 00 37 4D 6C 
00 00 01 00 03 10 00 71 00 01 00 05 00 03 EB 75 03 09 00 00 00 37 59 6B 
00 00 01 00 03 10 00 71 00 02 00 05 00 04 EA 75 04 09 00 00 00 37 55 6C 
00 00 01 00 03 10 00 71 00 03 00 05 00 05 EB 75 05 09 00 00 00 37 47 6B 
00 00 01 00 03 10 00 71 00 03 00 05 00 06 EB 75 06 09 00 00 00 37 49 6C 
00 00 01 00 03 10 00 71 00 01 00 05 00 03 EC 75 03 09 00 00 00 38 59 6C 
00 00 01 00 02 10 00 71 00 01 00 05 00 02 EC 75 02 09 00 00 00 38 4D 6B 
00 00 01 00 03 10 00 71 00 02 00 05 00 04 EB 75 04 09 00 00 00 38 55 6C 
00 00 01 00 03 10 00 71 00 03 00 05 00 05 EC 75 05 09 00 00 00 38 47 6C 
00 00 01 00 03 10 00 71 00 03 00 05 00 06 EC 75 06 09 00 00 00 38 48 6A 
00 00 01 00 02 10 00 71 00 01 00 05 00 02 ED 75 02 09 00 00 00 39 4D 6C 
00 00 01 00 03 10 00 71 00 01 00 05 00 03 ED 75 03 09 00 00 00 39 59 6A 
00 00 01 00 03 10 00 71 00 02 00 05 00 04 EC 75 04 09 00 00 00 39 55 6C 
00 00 01 00 03 10 00 71 00 03 00 05 00 06 ED 75 06 09 00 00 00 39 49 6C 
00 00 01 00 03 10 00 71 00 03 00 05 00 05 ED 75 05 09 00 00 00 39 46 6C 
00 00 01 00 02 10 00 71 00 01 00 05 00 02 EE 75 02 09 00 00 00 3A 4F 6A 
00 00 01 00 03 10 00 71 00 01 00 05 00 03 EE 75 03 09 00 00 00 3A 59 68 
00 00 01 00 03 10 00 71 00 02 00 05 00 04 ED 75 04 09 00 00 00 3A 55 6C 
00 00 01 00 03 10 00 71 00 03 00 05 00 06 EE 75 06 09 00 00 00 3A 49 6B 
00 00 01 00 03 10 00 71 00 03 00 05 00 05 EE 75 05 09 00 00 00 3A 45 6B 
00 00 01 00 02 10 00 71 00 01 00 05 00 02 EF 75 02 09 00 00 00 3B 4D 69 
00 00 01 00 03 10 00 71 00 01 00 05 00 03 EF 75 03 09 00 00 00 3B 59 6B 
00 00 01 00 03 10 00 71 00 02 00 05 00 04 EE 75 04 09 00 00 00 3B 55 6C 
00 00 01 00 03 10 00 71 00 03 00 05 00 05 EF 75 05 09 00 00 00 3B 45 6B 
00 00 01 00 03 10 00 71 00 03 00 05 00 06 EF 75 06 09 00 00 00 3B 49 6B 
00 00 01 00 02 10 00 71 00 01 00 05 00 02 F0 75 02 09 00 00 00 3C 4D 6A 
00 00 01 00 03 10 00 71 00 01 00 05 00 03 F0 75 03 09 00 00 00 3C 5A 6C 
00 00 01 00 03 10 00 71 00 02 00 05 00 04 EF 75 04 09 00 00 00 3C 55 6B 
00 00 01 00 03 10 00 71 00 03 00 05 00 06 F0 75 06 09 00 00 00 3C 49 6B 
00 00 01 00 03 10 00 71 00 03 00 05 00 05 F0 75 05 09 00 00 00 3C 45 6A 
00 00 01 00 02 10 00 71 00 01 00 05 00 02 F1 75 02 09 00 00 00 3D 4E 6B 
00 00 01 00 03 10 00 71 00 01 00 05 00 03 F1 75 03 09 00 00 00 3D 5A 6B 
00 00 01 00 03 10 00 71 00 02 00 05 00 04 F0 75 04 09 00 00 00 3D 55 6C 
00 00 01 00 03 10 00 71 00 03 00 05 00 05 F1 75 05 09 00 00 00 3D 46 69 
00 00 01 00 03 10 00 71 00 03 00 05 00 06 F1 75 06 09 00 00 00 3D 49 6B 
00 00 01 00 03 10 00 71 00 01 00 05 00 03 F2 75 03 09 00 00 00 3E 5A 6B 
00 00 01 00 02 10 00 71 00 01 00 05 00 02 F2 75 02 09 00 00 00 3E 4D 6B 
00 00 01 00 03 10 00 71 00 02 00 05 00 04 F1 75 04 09 00 00 00 3E 55 6C 
00 00 01 00 03 10 00 71 00 03 00 05 00 05 F2 75 05 09 00 00 00 3E 46 6B 
00 00 01 00 03 10 00 71 00 03 00 05 00 06 F2 75 06 09 00 00 00 3E 47 6B 
00 00 01 00 03 10 00 71 00 01 00 05 00 03 F3 75 03 09 00 00 00 3F 5A 6C 
00 00 01 00 02 10 00 71 00 01 00 05 00 02 F3 75 02 09 00 00 00 3F 4D 6B 
00 00 01 00 03 10 00 71 00 02 00 05 00 04 F2 75 04 09 00 00 00 3F 55 6C 
00 00 01 00 03 10 00 71 00 03 00 05 00 05 F3 75 05 09 00 00 00 3F 46 6B 
00 00 01 00 03 10 00 71 00 03 00 05 00 06 F3 75 06 09 00 00 00 3F 48 6B 
00 00 01 00 02 10 00 71 00 01 00 05 00 02 F4 75 02 09 00 00 00 40 4D 6C 
00 00 01 00 03 10 00 71 00 01 00 05 00 03 F4 75 03 09 00 00 00 40 5B 6B 
00 00 01 00 03 10 00 71 00 02 00 05 00 04 F3 75 04 09 00 00 00 40 54 6C 
00 00 01 00 03 10 00 71 00 03 00 05 00 05 F4 75 05 09 00 00 00 40 47 6B 
00 00 01 00 03 10 00 71 00 03 00 05 00 06 F4 75 06 09 00 00 00 40 48 6C 
00 00 01 00 02 10 00 71 00 01 00 05 00 02 F5 75 02 09 00 00 00 41 50 6B 
00 00 01 00 03 10 00 71 00 01 00 05 00 03 F5 75 03 09 00 00 00 41 59 6A 
00 00 01 00 03 10 00 71 00 02 00 05 00 04 F4 75 04 09 00 00 00 41 55 6C 
00 00 01 00 03 10 00 71 00 03 00 05 00 06 F5 75 06 09 00 00 00 41 48 6A 
00 00 01 00 03 10 00 71 00 03 00 05 00 05 F5 75 05 09 00 00 00 41 47 6C 
00 00 01 00 02 10 00 71 00 01 00 05 00 02 F6 75 02 09 00 00 00 42 4F 6B 
00 00 01 00 03 10 00 71 00 01 00 05 00 03 F6 75 03 09 00 00 00 42 56 6B 
00 00 01 00 03 10 00 71 00 02 00 05 00 04 F5 75 04 09 00 00 00 42 54 6C 
00 00 01 00 03 10 00 71 00 03 00 05 00 05 F6 75 05 09 00 00 00 42 47 6A 
00 00 01 00 03 10 00 71 00 03 00 05 00 05 F6 75 05 09 00 00 00 42 47 6A 
00 00 01 00 03 10 00 71 00 03 00 05 00 05 F6 75 05 09 00 00 00 42 47 6A 
00 00 01 00 03 10 00 71 00 03 00 05 00 05 F6 75 05 09 00 00 00 42 47 6A 
00 00 01 00 03 10 00 71 00 03 00 05 00 05 F6 75 05 09 00 00 00 42 47 6A 
00 00 01 00 03 10 00 71 00 03 00 05 00 05 F6 75 05 09 00 00 00 42 47 6A 
00 00 01 00 03 10 00 71 00 03 00 09 00 05 F6 75 05 09 00 00 00 42 47 6A 
00 00 01 00 03 10 00 71 00 03 00 0D 00 05 F6 75 05 09 00 00 00 42 47 6A 
00 00 01 00 03 10 00 71 00 03 00 12 00 05 F6 75 05 09 00 00 00 42 47 6A 
00 00 01 00 03 10 00 71 00 03 00 17 00 05 F6 75 05 09 00 00 00 42 47 6A 
00 00 01 00 03 10 00 71 00 03 00 1D 00 05 F6 75 05 09 00 00 00 42 47 6A 
00 00 01 00 03 10 00 71 00 03 00 23 00 05 F6 75 05 09 00 00 00 42 47 6A 
00 00 01 00 03 10 00 71 00 03 00 2A 00 05 F6 75 05 09 00 00 00 42 47 6A 
00 00 01 00 02 10 00 71 00 04 00 05 00 05 F6 75 05 09 00 00 00 42 47 6A 
00 00 01 00 02 10 00 71 00 04 00 05 00 06 F6 75 06 09 00 00 00 42 47 6B 
00 00 01 00 02 10 00 71 00 01 00 05 00 02 F7 75 02 09 00 00 00 43 51 6C 
00 00 01 00 02 10 00 71 00 02 00 05 00 03 F7 75 03 09 00 00 00 43 55 6B 
00 00 01 00 02 10 00 71 00 03 00 05 00 04 F6 75 04 09 00 00 00 43 54 6B 
00 00 01 00 02 10 00 71 00 04 00 05 00 05 F7 75 05 09 00 00 00 43 48 6B 
00 00 01 00 02 10 00 71 00 04 00 05 00 06 F7 75 06 09 00 00 00 43 47 6B 
00 00 01 00 02 10 00 71 00 01 00 05 00 02 F8 75 02 09 00 00 00 44 51 6B 
00 00 01 00 02 10 00 71 00 02 00 05 00 03 F8 75 03 09 00 00 00 44 54 6B 
00 00 01 00 02 10 00 71 00 03 00 05 00 04 F7 75 04 09 00 00 00 44 55 6C 
00 00 01 00 02 10 00 71 00 04 00 05 00 05 F8 75 05 09 00 00 00 44 4B 6B 
00 00 01 00 02 10 00 71 00 04 00 05 00 06 F8 75 06 09 00 00 00 44 43 67 
00 00 01 00 02 10 00 71 00 01 00 05 00 02 F9 75 02 09 00 00 00 45 4A 6B 
00 00 01 00 02 10 00 71 00 02 00 05 00 03 F9 75 03 09 00 00 00 45 56 6B 
00 00 01 00 02 10 00 71 00 03 00 05 00 04 F8 75 04 09 00 00 00 45 4B 6C 
00 00 01 00 02 10 00 71 00 04 00 05 00 05 F9 75 05 09 00 00 00 45 54 6C 
00 00 01 00 02 10 00 71 00 04 00 05 00 06 F9 75 06 09 00 00 00 45 4D 6C 
00 00 01 00 02 10 00 71 00 01 00 05 00 02 FA 75 02 09 00 00 00 46 52 69 
00 00 01 00 02 10 00 71 00 02 00 05 00 03 FA 75 03 09 00 00 00 46 58 6B 
00 00 01 00 02 10 00 71 00 03 00 05 00 04 F9 75 04 09 00 00 00 46 53 6C 
00 00 01 00 02 10 00 71 00 04 00 05 00 05 FA 75 05 09 00 00 00 46 53 6B 
00 00 01 00 02 10 00 71 00 04 00 05 00 06 FA 75 06 09 00 00 00 46 4C 6A 
00 00 01 00 02 10 00 71 00 01 00 05 00 02 FB 75 02 09 00 00 00 47 4E 6B 
00 00 01 00 02 10 00 71 00 02 00 05 00 03 FB 75 03 09 00 00 00 47 59 6A 
00 00 01 00 02 10 00 71 00 03 00 05 00 04 FA 75 04 09 00 00 00 47 45 6C 
00 00 01 00 02 10 00 71 00 04 00 05 00 05 FB 75 05 09 00 00 00 47 55 6B 
00 00 01 00 02 10 00 71 00 04 00 05 00 06 FB 75 06 09 00 00 00 47 46 68 
00 00 01 00 02 10 00 71 00 01 00 05 00 02 FC 75 02 09 00 00 00 48 4D 6B 
00 00 01 00 02 10 00 71 00 02 00 05 00 03 FC 75 03 09 00 00 00 48 4D 6A 
00 00 01 00 02 10 00 71 00 03 00 05 00 04 FB 75 04 09 00 00 00 48 56 6C 
00 00 01 00 02 10 00 71 00 04 00 05 00 06 FC 75 06 09 00 00 00 48 42 69 
00 00 01 00 02 10 00 71 00 04 00 05 00 05 FC 75 05 09 00 00 00 48 3D 6B 
00 00 01 00 02 10 00 71 00 01 00 05 00 02 FD 75 02 09 00 00 00 49 3D 69 
00 00 01 00 02 10 00 71 00 02 00 05 00 03 FD 75 03 09 00 00 00 49 4B 6A 
00 00 01 00 02 10 00 71 00 03 00 05 00 04 FC 75 04 09 00 00 00 49 5B 6C 
00 00 01 00 02 10 00 71 00 04 00 05 00 05 FD 75 05 09 00 00 00 49 44 6B 
00 00 01 00 02 10 00 71 00 04 00 05 00 06 FD 75 06 09 00 00 00 49 47 6A 
00 00 01 00 02 10 00 71 00 01 00 05 00 02 FE 75 02 09 00 00 00 4A 45 6B 
00 00 01 00 02 10 00 71 00 02 00 05 00 03 FE 75 03 09 00 00 00 4A 48 6A 
00 00 01 00 02 10 00 71 00 03 00 05 00 04 FD 75 04 09 00 00 00 4A 5B 6C 
00 00 01 00 02 10 00 71 00 04 00 05 00 05 FE 75 05 09 00 00 00 4A 45 6C 
00 00 01 00 02 10 00 71 00 04 00 05 00 06 FE 75 06 09 00 00 00 4A 47 6B 
00 00 01 00 02 10 00 71 00 01 00 05 00 02 FF 75 02 09 00 00 00 4B 4D 6A 
00 00 01 00 02 10 00 71 00 02 00 05 00 03 FF 75 03 09 00 00 00 4B 4C 6B 
00 00 01 00 02 10 00 71 00 03 00 05 00 04 FE 75 04 09 00 00 00 4B 5B 6C 
00 00 01 00 02 10 00 71 00 04 00 05 00 05 FF 75 05 09 00 00 00 4B 41 6B 
00 00 01 00 02 10 00 71 00 04 00 05 00 06 FF 75 06 09 00 00 00 4B 45 6B 
00 00 01 00 02 10 00 71 00 01 00 05 00 02 00 75 02 09 00 00 00 4C 48 6A 
00 00 01 00 02 10 00 71 00 01 00 05 00 02 00 75 02 09 00 00 00 4C 48 6A 
00 00 01 00 02 10 00 71 00 03 00 05 00 04 FF 75 04 09 00 00 00 4C 58 6C 
00 00 01 00 02 10 00 71 00 04 00 05 00 06 00 75 06 09 00 00 00 4C 45 6B 
00 00 01 00 02 10 00 71 00 04 00 05 00 05 00 75 05 09 00 00 00 4C 41 69 
00 00 01 00 02 10 00 71 00 01 00 05 00 02 01 75 02 09 00 00 00 4D 41 69 
00 00 01 00 02 10 00 71 00 02 00 05 00 03 01 75 03 09 00 00 00 4D 4B 6B 
00 00 01 00 02 10 00 71 00 03 00 05 00 04 00 75 04 09 00 00 00 4D 5B 6C 
00 00 01 00 02 10 00 71 00 04 00 05 00 05 01 75 05 09 00 00 00 4D 43 6C 
00 00 01 00 02 10 00 71 00 04 00 05 00 06 01 75 06 09 00 00 00 4D 47 6B 
00 00 01 00 02 10 00 71 00 01 00 05 00 02 02 75 02 09 00 00 00 4E 46 6A 
00 00 01 00 02 10 00 71 00 02 00 05 00 03 02 75 03 09 00 00 00 4E 48 6B 
00 00 01 00 02 10 00 71 00 03 00 05 00 04 01 75 04 09 00 00 00 4E 5B 6C 
00 00 01 00 02 10 00 71 00 04 00 05 00 05 02 75 05 09 00 00 00 4E 49 6A 
00 00 01 00 02 10 00 71 00 04 00 05 00 06 02 75 06 09 00 00 00 4E 4B 69 
00 00 01 00 02 10 00 71 00 01 00 05 00 02 03 75 02 09 00 00 00 4F 46 69 
00 00 01 00 02 10 00 71 00 02 00 05 00 03 03 75 03 09 00 00 00 4F 4F 6A 
00 00 01 00 02 10 00 71 00 03 00 05 00 04 02 75 04 09 00 00 00 4F 5B 6C 
00 00 01 00 02 10 00 71 00 04 00 05 00 06 03 75 06 09 00 00 00 4F 4C 69 
00 00 01 00 02 10 00 71 00 04 00 05 00 05 03 75 05 09 00 00 00 4F 4F 6C 
00 00 01 00 02 10 00 71 00 01 00 05 00 02 04 75 02 09 00 00 00 50 46 6B 
00 00 01 00 02 10 00 71 00 02 00 05 00 03 04 75 03 09 00 00 00 50 50 6B 
00 00 01 00 02 10 00 71 00 03 00 05 00 04 03 75 04 09 00 00 00 50 5B 6C 
00 00 01 00 02 10 00 71 00 04 00 05 00 06 04 75 06 09 00 00 00 50 4D 6A 
00 00 01 00 02 10 00 71 00 04 00 05 00 05 04 75 05 09 00 00 00 50 4F 6C 
00 00 01 00 02 10 00 71 00 01 00 05 00 02 05 75 02 09 00 00 00 51 4B 69 
00 00 01 00 02 10 00 71 00 02 00 05 00 03 05 75 03 09 00 00 00 51 50 68 
00 00 01 00 02 10 00 71 00 03 00 05 00 04 04 75 04 09 00 00 00 51 5B 6C 
00 00 01 00 02 10 00 71 00 04 00 05 00 06 05 75 06 09 00 00 00 51 4C 6A 
00 00 01 00 02 10 00 71 00 04 00 05 00 05 05 75 05 09 00 00 00 51 4F 6B 
00 00 01 00 02 10 00 71 00 01 00 05 00 02 06 75 02 09 00 00 00 52 4B 6B 
00 00 01 00 02 10 00 71 00 02 00 05 00 03 06 75 03 09 00 00 00 52 53 6B 
00 00 01 00 02 10 00 71 00 03 00 05 00 04 05 75 04 09 00 00 00 52 57 6B 
00 00 01 00 02 10 00 71 00 04 00 05 00 06 06 75 06 09 00 00 00 52 4C 6C 
00 00 01 00 02 10 00 71 00 04 00 05 00 05 06 75 05 09 00 00 00 52 51 6A 
00 00 01 00 02 10 00 71 00 01 00 05 00 02 07 75 02 09 00 00 00 53 49 6C 
00 00 01 00 02 10 00 71 00 02 00 05 00 03 07 75 03 09 00 00 00 53 55 6B 
00 00 01 00 02 10 00 71 00 03 00 05 00 04 06 75 04 09 00 00 00 53 59 6C 
00 00 01 00 02 10 00 71 00 04 00 05 00 06 07 75 06 09 00 00 00 53 47 6C 
00 00 01 00 02 10 00 71 00 04 00 05 00 05 07 75 05 09 00 00 00 53 51 6B 
00 00 01 00 02 10 00 71 00 01 00 05 00 02 08 75 02 09 00 00 00 54 4B 6C 
00 00 01 00 02 10 00 71 00 02 00 05 00 03 08 75 03 09 00 00 00 54 55 6B 
00 00 01 00 02 10 00 71 00 03 00 05 00 04 07 75 04 09 00 00 00 54 57 6C 
00 00 01 00 02 10 00 71 00 04 00 05 00 06 08 75 06 09 00 00 00 54 4B 6A 
00 00 01 00 02 10 00 71 00 04 00 05 00 05 08 75 05 09 00 00 00 54 51 6B 
00 00 01 00 02 10 00 71 00 01 00 05 00 02 09 75 02 09 00 00 00 55 4B 6B 
00 00 01 00 02 10 00 71 00 02 00 05 00 03 09 75 03 09 00 00 00 55 53 6B 
00 00 01 00 02 10 00 71 00 03 00 05 00 04 08 75 04 09 00 00 00 55 5B 6C 
00 00 01 00 02 10 00 71 00 04 00 05 00 06 09 75 06 09 00 00 00 55 4D 6B 
00 00 01 00 02 10 00 71 00 04 00 05 00 05 09 75 05 09 00 00 00 55 50 6C 
00 00 01 00 02 10 00 71 00 01 00 05 00 02 0A 75 02 09 00 00 00 56 4A 6A 
00 00 01 00 02 10 00 71 00 02 00 05 00 03 0A 75 03 09 00 00 00 56 52 6B 
00 00 01 00 02 10 00 71 00 03 00 05 00 04 09 75 04 09 00 00 00 56 5B 6C 
00 00 01 00 02 10 00 71 00 04 00 05 00 05 0A 75 05 09 00 00 00 56 50 6B 
00 00 01 00 02 10 00 71 00 04 00 05 00 06 0A 75 06 09 00 00 00 56 4C 6B 
00 00 01 00 02 10 00 71 00 01 00 05 00 02 0B 75 02 09 00 00 00 57 48 6A 
00 00 01 00 02 10 00 71 00 02 00 05 00 03 0B 75 03 09 00 00 00 57 53 6A 
00 00 01 00 02 10 00 71 00 03 00 05 00 04 0A 75 04 09 00 00 00 57 5B 6C 
00 00 01 00 02 10 00 71 00 04 00 05 00 05 0B 75 05 09 00 00 00 57 51 6B 
00 00 01 00 02 10 00 71 00 04 00 05 00 06 0B 75 06 09 00 00 00 57 4C 6A 
00 00 01 00 02 10 00 71 00 01 00 05 00 02 0C 75 02 09 00 00 00 58 4B 6B 
00 00 01 00 02 10 00 71 00 02 00 05 00 03 0C 75 03 09 00 00 00 58 52 6C 
00 00 01 00 02 10 00 71 00 03 00 05 00 04 0B 75 04 09 00 00 00 58 5B 6C 
00 00 01 00 02 10 00 71 00 04 00 05 00 06 0C 75 06 09 00 00 00 58 4C 6C 
00 00 01 00 02 10 00 71 00 04 00 05 00 05 0C 75 05 09 00 00 00 58 51 6C 
00 00 01 00 02 10 00 71 00 01 00 05 00 02 0D 75 02 09 00 00 00 59 4B 6B 
00 00 01 00 02 10 00 71 00 02 00 05 00 03 0D 75 03 09 00 00 00 59 52 6B 
00 00 01 00 02 10 00 71 00 03 00 05 00 04 0C 75 04 09 00 00 00 59 5B 6C 
00 00 01 00 02 10 00 71 00 04 00 05 00 06 0D 75 06 09 00 00 00 59 4C 6A 
00 00 01 00 02 10 00 71 00 04 00 05 00 05 0D 75 05 09 00 00 00 59 4F 6A 
00 00 01 00 02 10 00 71 00 01 00 05 00 02 0E 75 02 09 00 00 00 5A 4D 6B 
00 00 01 00 02 10 00 71 00 02 00 05 00 03 0E 75 03 09 00 00 00 5A 51 6B 
00 00 01 00 02 10 00 71 00 03 00 05 00 04 0D 75 04 09 00 00 00 5A 56 6C 
00 00 01 00 02 10 00 71 00 04 00 05 00 06 0E 75 06 09 00 00 00 5A 43 6C 
00 00 01 00 02 10 00 71 00 04 00 05 00 05 0E 75 05 09 00 00 00 5A 4F 6C 
00 00 01 00 02 10 00 71 00 01 00 05 00 02 0F 75 02 09 00 00 00 5B 4B 6A 
00 00 01 00 02 10 00 71 00 02 00 05 00 03 0F 75 03 09 00 00 00 5B 56 6C 
00 00 01 00 02 10 00 71 00 03 00 05 00 04 0E 75 04 09 00 00 00 5B 53 6C 
00 00 01 00 02 10 00 71 00 04 00 05 00 06 0F 75 06 09 00 00 00 5B 46 6B 
00 00 01 00 02 10 00 71 00 04 00 05 00 05 0F 75 05 09 00 00 00 5B 45 6C 
00 00 01 00 02 10 00 71 00 01 00 05 00 02 10 75 02 09 00 00 00 5C 4C 6B 
00 00 01 00 02 10 00 71 00 02 00 05 00 03 10 75 03 09 00 00 00 5C 55 6B 
00 00 01 00 02 10 00 71 00 03 00 05 00 04 0F 75 04 09 00 00 00 5C 59 6C 
00 00 01 00 02 10 00 71 00 04 00 05 00 06 10 75 06 09 00 00 00 5C 49 6B 
00 00 01 00 02 10 00 71 00 04 00 05 00 05 10 75 05 09 00 00 00 5C 47 6B 
00 00 01 00 02 10 00 71 00 01 00 05 00 02 11 75 02 09 00 00 00 5D 4B 6A 
00 00 01 00 02 10 00 71 00 02 00 05 00 03 11 75 03 09 00 00 00 5D 54 6B 
00 00 01 00 02 10 00 71 00 03 00 05 00 04 10 75 04 09 00 00 00 5D 57 6C 
00 00 01 00 02 10 00 71 00 04 00 05 00 06 11 75 06 09 00 00 00 5D 47 6B 
00 00 01 00 02 10 00 71 00 04 00 05 00 05 11 75 05 09 00 00 00 5D 49 6C 
00 00 01 00 02 10 00 71 00 01 00 05 00 02 12 75 02 09 00 00 00 5E 4B 6C 
00 00 01 00 02 10 00 71 00 02 00 05 00 03 12 75 03 09 00 00 00 5E 55 6B 
00 00 01 00 02 10 00 71 00 04 00 05 00 06 12 75 06 09 00 00 00 5E 47 6A 
00 00 01 00 02 10 00 71 00 04 00 05 00 05 12 75 05 09 00 00 00 5E 49 6C 
00 00 01 00 02 10 00 71 00 01 00 05 00 02 13 75 02 09 00 00 00 5F 47 6C 
00 00 01 00 02 10 00 71 00 01 00 05 00 02 13 75 02 09 00 00 00 5F 47 6C 
00 00 01 00 02 10 00 71 00 02 00 05 00 03 13 75 03 09 00 00 00 5F 56 6A 
00 00 01 00 02 10 00 71 00 03 00 05 00 04 12 75 04 09 00 00 00 5F 55 6C 
00 00 01 00 02 10 00 71 00 04 00 05 00 06 13 75 06 09 00 00 00 5F 47 6A 
00 00 01 00 02 10 00 71 00 04 00 05 00 05 13 75 05 09 00 00 00 5F 45 6C 
