00 00 01 00 03 10 00 71 00 02 00 05 00 02 D4 75 02 09 00 00 02 6D 3F 6B 
00 00 01 00 03 10 00 71 00 04 00 05 00 05 E3 75 05 09 00 00 02 6D 45 6A 
00 00 01 00 03 10 00 71 00 05 00 05 00 06 DC 75 06 09 00 00 02 6D 4D 6C 
00 00 01 00 03 10 00 71 00 01 00 05 00 03 DA 75 03 09 00 00 02 6E 44 6B 
00 00 01 00 03 10 00 71 00 02 00 05 00 02 D5 75 02 09 00 00 02 6E 3E 69 
00 00 01 00 03 10 00 71 00 04 00 05 00 05 E4 75 05 09 00 00 02 6E 47 6C 
00 00 01 00 03 10 00 71 00 01 00 05 00 03 F7 75 03 09 00 00 02 8B 58 6C 
00 00 01 00 03 10 00 71 00 02 00 05 00 02 F2 75 02 09 00 00 02 8B 4F 6B 
00 00 01 00 03 10 00 71 00 03 00 05 00 04 C4 75 04 09 00 00 02 8B 57 6B 
00 00 01 00 03 10 00 71 00 04 00 05 00 05 01 75 05 09 00 00 02 8B 4B 6C 
00 00 01 00 03 10 00 71 00 05 00 05 00 06 FA 75 06 09 00 00 02 8B 4F 6B 
00 00 01 00 03 10 00 71 00 01 00 05 00 03 F8 75 03 09 00 00 02 8C 5A 6B 
00 00 01 00 03 10 00 71 00 02 00 05 00 02 F3 75 02 09 00 00 02 8C 4B 6C 
00 00 01 00 03 10 00 71 00 03 00 05 00 04 C5 75 04 09 00 00 02 8C 57 6C 
00 00 01 00 03 10 00 71 00 04 00 05 00 05 02 75 05 09 00 00 02 8C 4D 6C 
00 00 01 00 03 10 00 71 00 05 00 05 00 06 FB 75 06 09 00 00 02 8C 4D 6C 
00 00 01 00 03 10 00 71 00 01 00 05 00 03 F9 75 03 09 00 00 02 8D 59 6B 
00 00 01 00 03 10 00 71 00 02 00 05 00 02 F4 75 02 09 00 00 02 8D 4F 6A 
00 00 01 00 03 10 00 71 00 03 00 05 00 04 C6 75 04 09 00 00 02 8D 5B 6C 
00 00 01 00 03 10 00 71 00 04 00 05 00 05 03 75 05 09 00 00 02 8D 48 6B 
00 00 01 00 03 10 00 71 00 05 00 05 00 06 FC 75 06 09 00 00 02 8D 4E 6A 
00 00 01 00 03 10 00 71 00 01 00 05 00 03 FA 75 03 09 00 00 02 8E 5A 6A 
00 00 01 00 03 10 00 71 00 02 00 05 00 02 F5 75 02 09 00 00 02 8E 4D 6C 
00 00 01 00 03 10 00 71 00 03 00 05 00 04 C7 75 04 09 00 00 02 8E 55 6C 
00 00 01 00 03 10 00 71 00 04 00 05 00 05 04 75 05 09 00 00 02 8E 45 6C 
00 00 01 00 03 10 00 71 00 05 00 05 00 06 FD 75 06 09 00 00 02 8E 4D 6C 
00 00 01 00 03 10 00 71 00 01 00 05 00 03 FB 75 03 09 00 00 02 8F 57 6B 
00 00 01 00 03 10 00 71 00 02 00 05 00 02 F6 75 02 09 00 00 02 8F 4D 6B 
00 00 01 00 03 10 00 71 00 03 00 05 00 04 C8 75 04 09 00 00 02 8F 57 6C 
00 00 01 00 03 10 00 71 00 05 00 05 00 06 FE 75 06 09 00 00 02 8F 4D 6B 
00 00 01 00 03 10 00 71 00 01 00 05 00 03 FC 75 03 09 00 00 02 90 57 6C 
00 00 01 00 03 10 00 71 00 02 00 05 00 02 F7 75 02 09 00 00 02 90 4D 69 
00 00 01 00 03 10 00 71 00 03 00 05 00 04 C9 75 04 09 00 00 02 90 57 6C 
00 00 01 00 03 10 00 71 00 04 00 05 00 05 05 75 05 09 00 00 02 90 4D 6A 
00 00 01 00 03 10 00 71 00 05 00 05 00 06 FF 75 06 09 00 00 02 90 4E 6C 
00 00 01 00 03 10 00 71 00 01 00 05 00 03 FD 75 03 09 00 00 02 91 59 6A 
00 00 01 00 03 10 00 71 00 02 00 05 00 02 F8 75 02 09 00 00 02 91 50 6C 
00 00 01 00 03 10 00 71 00 03 00 05 00 04 CA 75 04 09 00 00 02 91 5B 6C 
00 00 01 00 03 10 00 71 00 04 00 05 00 05 06 75 05 09 00 00 02 91 4B 6B 
00 00 01 00 03 10 00 71 00 05 00 05 00 06 00 75 06 09 00 00 02 91 4E 6C 
00 00 01 00 03 10 00 71 00 01 00 05 00 03 FE 75 03 09 00 00 02 92 55 6B 
00 00 01 00 03 10 00 71 00 02 00 05 00 02 F9 75 02 09 00 00 02 92 4F 6C 
00 00 01 00 03 10 00 71 00 03 00 05 00 04 CB 75 04 09 00 00 02 92 5B 6C 
00 00 01 00 03 10 00 71 00 04 00 05 00 05 07 75 05 09 00 00 02 92 4B 6C 
00 00 01 00 03 10 00 71 00 05 00 05 00 06 01 75 06 09 00 00 02 92 4E 6C 
00 00 01 00 03 10 00 71 00 01 00 05 00 03 FF 75 03 09 00 00 02 93 55 6B 
00 00 01 00 03 10 00 71 00 02 00 05 00 02 FA 75 02 09 00 00 02 93 4D 6B 
00 00 01 00 03 10 00 71 00 03 00 05 00 04 CC 75 04 09 00 00 02 93 57 6C 
00 00 01 00 03 10 00 71 00 04 00 05 00 05 08 75 05 09 00 00 02 93 4B 6C 
00 00 01 00 03 10 00 71 00 05 00 05 00 06 02 75 06 09 00 00 02 93 4D 6A 
00 00 01 00 03 10 00 71 00 01 00 05 00 03 00 75 03 09 00 00 02 94 55 68 
00 00 01 00 03 10 00 71 00 02 00 05 00 02 FB 75 02 09 00 00 02 94 50 6B 
00 00 01 00 03 10 00 71 00 03 00 05 00 04 CD 75 04 09 00 00 02 94 5A 6C 
00 00 01 00 03 10 00 71 00 04 00 05 00 05 09 75 05 09 00 00 02 94 4B 6C 
00 00 01 00 03 10 00 71 00 05 00 05 00 06 03 75 06 09 00 00 02 94 4E 6C 
00 00 01 00 03 10 00 71 00 01 00 05 00 03 01 75 03 09 00 00 02 95 55 6B 
00 00 01 00 03 10 00 71 00 02 00 05 00 02 FC 75 02 09 00 00 02 95 51 6C 
00 00 01 00 03 10 00 71 00 03 00 05 00 04 CE 75 04 09 00 00 02 95 59 6C 
00 00 01 00 03 10 00 71 00 04 00 05 00 05 0A 75 05 09 00 00 02 95 4B 6B 
00 00 01 00 03 10 00 71 00 05 00 05 00 06 04 75 06 09 00 00 02 95 4E 6C 
00 00 01 00 03 10 00 71 00 01 00 05 00 03 02 75 03 09 00 00 02 96 55 6C 
00 00 01 00 03 10 00 71 00 02 00 05 00 02 FD 75 02 09 00 00 02 96 50 6B 
00 00 01 00 03 10 00 71 00 03 00 05 00 04 CF 75 04 09 00 00 02 96 5A 6C 
00 00 01 00 03 10 00 71 00 04 00 05 00 05 0B 75 05 09 00 00 02 96 4B 6C 
00 00 01 00 03 10 00 71 00 05 00 05 00 06 05 75 06 09 00 00 02 96 4E 6C 
00 00 01 00 03 10 00 71 00 01 00 05 00 03 03 75 03 09 00 00 02 97 55 6A 
00 00 01 00 03 10 00 71 00 02 00 05 00 02 FE 75 02 09 00 00 02 97 51 6A 
00 00 01 00 03 10 00 71 00 03 00 05 00 04 D0 75 04 09 00 00 02 97 57 6C 
00 00 01 00 03 10 00 71 00 04 00 05 00 05 0C 75 05 09 00 00 02 97 4B 6C 
00 00 01 00 03 10 00 71 00 05 00 05 00 06 06 75 06 09 00 00 02 97 4E 69 
00 00 01 00 03 10 00 71 00 01 00 05 00 03 04 75 03 09 00 00 02 98 55 6B 
00 00 01 00 03 10 00 71 00 02 00 05 00 02 FF 75 02 09 00 00 02 98 51 6A 
00 00 01 00 03 10 00 71 00 03 00 05 00 04 D1 75 04 09 00 00 02 98 57 6C 
00 00 01 00 03 10 00 71 00 04 00 05 00 05 0D 75 05 09 00 00 02 98 4B 6C 
00 00 01 00 03 10 00 71 00 05 00 05 00 06 07 75 06 09 00 00 02 98 4D 6C 
00 00 01 00 03 10 00 71 00 01 00 05 00 03 05 75 03 09 00 00 02 99 55 6B 
00 00 01 00 03 10 00 71 00 02 00 05 00 02 00 75 02 09 00 00 02 99 50 6C 
00 00 01 00 03 10 00 71 00 03 00 05 00 04 D2 75 04 09 00 00 02 99 57 6C 
00 00 01 00 03 10 00 71 00 04 00 05 00 05 0E 75 05 09 00 00 02 99 49 6B 
00 00 01 00 03 10 00 71 00 05 00 05 00 06 08 75 06 09 00 00 02 99 4E 6B 
00 00 01 00 03 10 00 71 00 01 00 05 00 03 06 75 03 09 00 00 02 9A 55 6B 
00 00 01 00 03 10 00 71 00 02 00 05 00 02 01 75 02 09 00 00 02 9A 4F 6B 
00 00 01 00 03 10 00 71 00 03 00 05 00 04 D3 75 04 09 00 00 02 9A 59 6C 
00 00 01 00 03 10 00 71 00 04 00 05 00 05 0F 75 05 09 00 00 02 9A 49 6C 
00 00 01 00 03 10 00 71 00 05 00 05 00 06 09 75 06 09 00 00 02 9A 4E 6C 
00 00 01 00 03 10 00 71 00 01 00 05 00 03 07 75 03 09 00 00 02 9B 55 6C 
00 00 01 00 03 10 00 71 00 02 00 05 00 02 02 75 02 09 00 00 02 9B 4F 69 
00 00 01 00 03 10 00 71 00 03 00 05 00 04 D4 75 04 09 00 00 02 9B 57 6B 
00 00 01 00 03 10 00 71 00 04 00 05 00 05 10 75 05 09 00 00 02 9B 49 6B 
00 00 01 00 03 10 00 71 00 05 00 05 00 06 0A 75 06 09 00 00 02 9B 4E 6A 
00 00 01 00 03 10 00 71 00 01 00 05 00 03 08 75 03 09 00 00 02 9C 57 69 
00 00 01 00 03 10 00 71 00 02 00 05 00 02 03 75 02 09 00 00 02 9C 51 6B 
00 00 01 00 03 10 00 71 00 03 00 05 00 04 D5 75 04 09 00 00 02 9C 57 6C 
00 00 01 00 03 10 00 71 00 04 00 05 00 05 11 75 05 09 00 00 02 9C 49 6B 
00 00 01 00 03 10 00 71 00 05 00 05 00 06 0B 75 06 09 00 00 02 9C 4E 6C 
00 00 01 00 03 10 00 71 00 01 00 05 00 03 09 75 03 09 00 00 02 9D 58 68 
00 00 01 00 03 10 00 71 00 02 00 05 00 02 04 75 02 09 00 00 02 9D 4F 6B 
00 00 01 00 03 10 00 71 00 03 00 05 00 04 D6 75 04 09 00 00 02 9D 59 6C 
00 00 01 00 03 10 00 71 00 04 00 05 00 05 12 75 05 09 00 00 02 9D 47 6C 
00 00 01 00 03 10 00 71 00 05 00 05 00 06 0C 75 06 09 00 00 02 9D 4E 6B 
00 00 01 00 03 10 00 71 00 01 00 05 00 03 0A 75 03 09 00 00 02 9E 53 6A 
00 00 01 00 03 10 00 71 00 02 00 05 00 02 05 75 02 09 00 00 02 9E 4D 6B 
00 00 01 00 03 10 00 71 00 04 00 05 00 05 13 75 05 09 00 00 02 9E 3A 63 
00 00 01 00 03 10 00 71 00 05 00 05 00 06 0D 75 06 09 00 00 02 9E 4D 6B 
00 00 01 00 03 10 00 71 00 01 00 05 00 03 0B 75 03 09 00 00 02 9F 4F 6B 
00 00 01 00 03 10 00 71 00 02 00 05 00 02 06 75 02 09 00 00 02 9F 49 6A 
00 00 01 00 03 10 00 71 00 03 00 05 00 04 D8 75 04 09 00 00 02 9F 59 6C 
00 00 01 00 03 10 00 71 00 04 00 05 00 05 14 75 05 09 00 00 02 9F 47 6C 
00 00 01 00 03 10 00 71 00 05 00 05 00 06 0E 75 06 09 00 00 02 9F 4C 6C 
00 00 01 00 03 10 00 71 00 01 00 05 00 03 0C 75 03 09 00 00 02 A0 55 67 
00 00 01 00 03 10 00 71 00 02 00 05 00 02 07 75 02 09 00 00 02 A0 4F 6C 
00 00 01 00 03 10 00 71 00 03 00 05 00 04 D9 75 04 09 00 00 02 A0 57 6C 
00 00 01 00 03 10 00 71 00 04 00 05 00 05 15 75 05 09 00 00 02 A0 3C 68 
00 00 01 00 03 10 00 71 00 05 00 05 00 06 0F 75 06 09 00 00 02 A0 4D 6A 
00 00 01 00 03 10 00 71 00 01 00 05 00 03 0D 75 03 09 00 00 02 A1 54 6B 
00 00 01 00 03 10 00 71 00 02 00 05 00 02 08 75 02 09 00 00 02 A1 50 6B 
00 00 01 00 03 10 00 71 00 03 00 05 00 04 DA 75 04 09 00 00 02 A1 59 6B 
00 00 01 00 03 10 00 71 00 04 00 05 00 05 16 75 05 09 00 00 02 A1 37 50 
00 00 01 00 03 10 00 71 00 05 00 05 00 06 10 75 06 09 00 00 02 A1 4D 6A 
00 00 01 00 03 10 00 71 00 01 00 05 00 03 0E 75 03 09 00 00 02 A2 53 6B 
00 00 01 00 03 10 00 71 00 02 00 05 00 02 09 75 02 09 00 00 02 A2 50 6B 
00 00 01 00 03 10 00 71 00 03 00 05 00 04 DB 75 04 09 00 00 02 A2 56 6B 
00 00 01 00 03 10 00 71 00 05 00 05 00 06 11 75 06 09 00 00 02 A2 4D 6C 
00 00 01 00 03 10 00 71 00 01 00 05 00 03 0F 75 03 09 00 00 02 A3 53 6A 
00 00 01 00 03 10 00 71 00 02 00 05 00 02 0A 75 02 09 00 00 02 A3 4F 6B 
00 00 01 00 03 10 00 71 00 03 00 05 00 04 DC 75 04 09 00 00 02 A3 57 6C 
00 00 01 00 03 10 00 71 00 04 00 05 00 05 17 75 05 09 00 00 02 A3 38 5A 
00 00 01 00 03 10 00 71 00 05 00 05 00 06 12 75 06 09 00 00 02 A3 4D 6C 
00 00 01 00 03 10 00 71 00 01 00 05 00 03 10 75 03 09 00 00 02 A4 53 6C 
00 00 01 00 03 10 00 71 00 02 00 05 00 02 0B 75 02 09 00 00 02 A4 4D 6A 
00 00 01 00 03 10 00 71 00 03 00 05 00 04 DD 75 04 09 00 00 02 A4 5A 6B 
00 00 01 00 03 10 00 71 00 04 00 05 00 05 18 75 05 09 00 00 02 A4 43 6A 
00 00 01 00 03 10 00 71 00 05 00 05 00 06 13 75 06 09 00 00 02 A4 4C 6C 
00 00 01 00 03 10 00 71 00 01 00 05 00 03 11 75 03 09 00 00 02 A5 53 6B 
00 00 01 00 03 10 00 71 00 02 00 05 00 02 0C 75 02 09 00 00 02 A5 4B 6A 
00 00 01 00 03 10 00 71 00 03 00 05 00 04 DE 75 04 09 00 00 02 A5 5A 6C 
00 00 01 00 03 10 00 71 00 04 00 05 00 05 19 75 05 09 00 00 02 A5 47 6B 
00 00 01 00 03 10 00 71 00 05 00 05 00 06 14 75 06 09 00 00 02 A5 4B 6C 
00 00 01 00 03 10 00 71 00 01 00 05 00 03 12 75 03 09 00 00 02 A6 53 6A 
00 00 01 00 03 10 00 71 00 02 00 05 00 02 0D 75 02 09 00 00 02 A6 4B 6A 
00 00 01 00 03 10 00 71 00 03 00 05 00 04 DF 75 04 09 00 00 02 A6 57 6C 
00 00 01 00 03 10 00 71 00 04 00 05 00 05 1A 75 05 09 00 00 02 A6 45 6C 
00 00 01 00 03 10 00 71 00 05 00 05 00 06 15 75 06 09 00 00 02 A6 4B 6B 
00 00 01 00 03 10 00 71 00 01 00 05 00 03 13 75 03 09 00 00 02 A7 52 6A 
00 00 01 00 03 10 00 71 00 02 00 05 00 02 0E 75 02 09 00 00 02 A7 49 6C 
00 00 01 00 03 10 00 71 00 03 00 05 00 04 E0 75 04 09 00 00 02 A7 57 6B 
00 00 01 00 03 10 00 71 00 04 00 05 00 05 1B 75 05 09 00 00 02 A7 44 6C 
00 00 01 00 03 10 00 71 00 05 00 05 00 06 16 75 06 09 00 00 02 A7 4B 6A 
00 00 01 00 03 10 00 71 00 01 00 05 00 03 14 75 03 09 00 00 02 A8 53 6A 
00 00 01 00 03 10 00 71 00 02 00 05 00 02 0F 75 02 09 00 00 02 A8 48 6A 
00 00 01 00 03 10 00 71 00 03 00 05 00 04 E1 75 04 09 00 00 02 A8 57 6C 
00 00 01 00 03 10 00 71 00 04 00 05 00 05 1C 75 05 09 00 00 02 A8 46 6B 
00 00 01 00 03 10 00 71 00 05 00 05 00 06 17 75 06 09 00 00 02 A8 4B 6C 
00 00 01 00 03 10 00 71 00 01 00 05 00 03 15 75 03 09 00 00 02 A9 51 6C 
00 00 01 00 03 10 00 71 00 02 00 05 00 02 10 75 02 09 00 00 02 A9 48 6C 
00 00 01 00 03 10 00 71 00 03 00 05 00 04 E2 75 04 09 00 00 02 A9 59 6C 
00 00 01 00 03 10 00 71 00 04 00 05 00 05 1D 75 05 09 00 00 02 A9 47 68 
00 00 01 00 03 10 00 71 00 05 00 05 00 06 18 75 06 09 00 00 02 A9 4A 6B 
00 00 01 00 03 10 00 71 00 01 00 05 00 03 16 75 03 09 00 00 02 AA 54 69 
00 00 01 00 03 10 00 71 00 02 00 05 00 02 11 75 02 09 00 00 02 AA 49 6B 
00 00 01 00 03 10 00 71 00 03 00 05 00 04 E3 75 04 09 00 00 02 AA 59 6C 
00 00 01 00 03 10 00 71 00 04 00 05 00 05 1E 75 05 09 00 00 02 AA 47 6A 
00 00 01 00 03 10 00 71 00 05 00 05 00 06 19 75 06 09 00 00 02 AA 49 68 
00 00 01 00 03 10 00 71 00 01 00 05 00 03 17 75 03 09 00 00 02 AB 55 6A 
00 00 01 00 03 10 00 71 00 01 00 05 00 03 17 75 03 09 00 00 02 AB 55 6A 
00 00 01 00 03 10 00 71 00 02 00 05 00 02 12 75 02 09 00 00 02 AB 4B 6C 
00 00 01 00 03 10 00 71 00 03 00 05 00 04 E4 75 04 09 00 00 02 AB 55 6C 
00 00 01 00 03 10 00 71 00 04 00 05 00 05 1F 75 05 09 00 00 02 AB 49 6C 
00 00 01 00 03 10 00 71 00 05 00 05 00 06 1A 75 06 09 00 00 02 AB 49 6C 
00 00 01 00 03 10 00 71 00 01 00 05 00 03 18 75 03 09 00 00 02 AC 54 69 
