00 00 01 00 03 10 00 71 00 02 00 06 00 02 5B 75 02 09 00 00 00 E3 4F 6C 
00 00 01 00 03 10 00 71 00 01 00 06 00 03 5B 75 03 09 00 00 00 E4 5A 6A 
00 00 01 00 03 10 00 71 00 01 00 05 00 03 5C 75 03 09 00 00 00 E5 5A 6A 
00 00 01 00 03 10 00 71 00 01 00 05 00 03 5D 75 03 09 00 00 00 E6 5B 6B 
00 00 01 00 03 10 00 71 00 01 00 05 00 03 5E 75 03 09 00 00 00 E7 56 6A 
00 00 01 00 03 10 00 71 00 01 00 05 00 03 68 75 03 09 00 00 00 F1 50 6C 
00 00 01 00 03 10 00 71 00 01 00 05 00 03 69 75 03 09 00 00 00 F2 4F 6A 
00 00 01 00 03 10 00 71 00 02 00 05 00 02 69 75 02 09 00 00 00 F2 37 55 
00 00 01 00 03 10 00 71 00 01 00 05 00 03 6A 75 03 09 00 00 00 F3 4A 6B 
00 00 01 00 03 10 00 71 00 02 00 05 00 02 6A 75 02 09 00 00 00 F3 36 4B 
00 00 01 00 03 10 00 71 00 01 00 05 00 03 6B 75 03 09 00 00 00 F4 50 6A 
00 00 01 00 03 10 00 71 00 02 00 05 00 02 6B 75 02 09 00 00 00 F4 3B 68 
00 00 01 00 03 10 00 71 00 01 00 05 00 03 6C 75 03 09 00 00 00 F5 50 6B 
00 00 01 00 03 10 00 71 00 02 00 05 00 02 6C 75 02 09 00 00 00 F5 3E 6A 
00 00 01 00 03 10 00 71 00 0D 00 05 00 05 66 75 05 09 00 00 00 EF 5A 6C 
00 00 01 00 03 10 00 71 00 0E 00 05 00 06 5E 75 06 09 00 00 00 EF 4A 6C 
00 00 01 00 03 10 00 71 00 19 00 05 00 05 5B 75 05 09 00 00 00 E3 4F 6B 
00 00 01 00 03 10 00 71 00 19 00 05 00 05 5C 75 05 09 00 00 00 E4 4F 6C 
00 00 01 00 03 10 00 71 00 06 00 05 00 04 2F 75 04 09 00 00 00 F1 45 6B 
00 00 01 00 03 10 00 71 00 0F 00 05 00 04 2D 75 04 09 00 00 00 EE 4C 6C 
00 00 01 00 03 10 00 71 00 03 00 05 00 04 30 75 04 09 00 00 00 F2 48 6C 
00 00 01 00 03 10 00 71 00 04 00 05 00 05 68 75 05 09 00 00 00 F2 5B 6C 
00 00 01 00 03 10 00 71 00 04 00 05 00 05 69 75 05 09 00 00 00 F3 59 6B 
00 00 01 00 03 10 00 71 00 19 00 05 00 05 60 75 05 09 00 00 00 E8 4F 6C 
00 00 01 00 03 10 00 71 00 04 00 05 00 05 6A 75 05 09 00 00 00 F4 55 6C 
00 00 01 00 03 10 00 71 00 05 00 05 00 06 63 75 06 09 00 00 00 F4 4B 6B 
00 00 01 00 03 10 00 71 00 04 00 05 00 05 6B 75 05 09 00 00 00 F5 56 6B 
00 00 01 00 03 10 00 71 00 01 00 05 00 03 6D 75 03 09 00 00 00 F6 44 69 
00 00 01 00 03 10 00 71 00 02 00 05 00 02 6D 75 02 09 00 00 00 F6 38 55 
00 00 01 00 03 10 00 71 00 03 00 05 00 04 31 75 04 09 00 00 00 F6 45 6C 
00 00 01 00 03 10 00 71 00 04 00 05 00 05 6C 75 05 09 00 00 00 F6 5A 6C 
00 00 01 00 03 10 00 71 00 05 00 05 00 06 65 75 06 09 00 00 00 F6 49 6B 
00 00 01 00 03 10 00 71 00 01 00 05 00 03 6E 75 03 09 00 00 00 F7 45 6A 
00 00 01 00 03 10 00 71 00 02 00 05 00 02 6E 75 02 09 00 00 00 F7 3D 68 
00 00 01 00 03 10 00 71 00 03 00 05 00 04 32 75 04 09 00 00 00 F7 39 63 
00 00 01 00 03 10 00 71 00 04 00 05 00 05 6D 75 05 09 00 00 00 F7 5A 6C 
00 00 01 00 03 10 00 71 00 05 00 05 00 06 66 75 06 09 00 00 00 F7 4B 6C 
00 00 01 00 03 10 00 71 00 01 00 05 00 03 6F 75 03 09 00 00 00 F8 4B 6C 
00 00 01 00 03 10 00 71 00 01 00 05 00 03 6F 75 03 09 00 00 00 F8 4B 6C 
00 00 01 00 03 10 00 71 00 02 00 05 00 02 6F 75 02 09 00 00 00 F8 3A 5C 
00 00 01 00 03 10 00 71 00 03 00 05 00 04 33 75 04 09 00 00 00 F8 45 6C 
00 00 01 00 03 10 00 71 00 04 00 05 00 05 6E 75 05 09 00 00 00 F8 5B 6B 
00 00 01 00 03 10 00 71 00 05 00 05 00 06 67 75 06 09 00 00 00 F8 4B 6A 
00 00 01 00 03 10 00 71 00 01 00 05 00 03 70 75 03 09 00 00 00 F9 4A 69 
00 00 01 00 03 10 00 71 00 02 00 05 00 02 70 75 02 09 00 00 00 F9 3D 67 
00 00 01 00 03 10 00 71 00 03 00 05 00 04 34 75 04 09 00 00 00 F9 4B 6C 
00 00 01 00 03 10 00 71 00 04 00 05 00 05 6F 75 05 09 00 00 00 F9 5A 6C 
00 00 01 00 03 10 00 71 00 05 00 05 00 06 68 75 06 09 00 00 00 F9 4A 6C 
00 00 01 00 03 10 00 71 00 01 00 05 00 03 71 75 03 09 00 00 00 FA 4B 69 
00 00 01 00 03 10 00 71 00 02 00 05 00 02 71 75 02 09 00 00 00 FA 3C 67 
00 00 01 00 03 10 00 71 00 03 00 05 00 04 35 75 04 09 00 00 00 FA 45 6C 
00 00 01 00 03 10 00 71 00 04 00 05 00 05 70 75 05 09 00 00 00 FA 57 69 
00 00 01 00 03 10 00 71 00 05 00 05 00 06 69 75 06 09 00 00 00 FA 4B 6B 
00 00 01 00 03 10 00 71 00 01 00 05 00 03 72 75 03 09 00 00 00 FB 47 6B 
00 00 01 00 03 10 00 71 00 03 00 05 00 04 36 75 04 09 00 00 00 FB 43 6C 
00 00 01 00 03 10 00 71 00 04 00 05 00 05 71 75 05 09 00 00 00 FB 59 6C 
00 00 01 00 03 10 00 71 00 05 00 05 00 06 6A 75 06 09 00 00 00 FB 4A 6C 
00 00 01 00 03 10 00 71 00 01 00 05 00 03 73 75 03 09 00 00 00 FC 44 6B 
00 00 01 00 03 10 00 71 00 02 00 05 00 02 72 75 02 09 00 00 00 FC 3D 67 
00 00 01 00 03 10 00 71 00 03 00 05 00 04 37 75 04 09 00 00 00 FC 4D 6C 
00 00 01 00 03 10 00 71 00 04 00 05 00 05 72 75 05 09 00 00 00 FC 59 6A 
00 00 01 00 03 10 00 71 00 05 00 05 00 06 6B 75 06 09 00 00 00 FC 4A 6B 
00 00 01 00 03 10 00 71 00 01 00 05 00 03 74 75 03 09 00 00 00 FD 42 65 
00 00 01 00 03 10 00 71 00 02 00 05 00 02 73 75 02 09 00 00 00 FD 3D 66 
00 00 01 00 03 10 00 71 00 03 00 05 00 04 38 75 04 09 00 00 00 FD 50 6C 
00 00 01 00 03 10 00 71 00 04 00 05 00 05 73 75 05 09 00 00 00 FD 5B 6C 
00 00 01 00 03 10 00 71 00 05 00 05 00 06 6C 75 06 09 00 00 00 FD 4A 6C 
00 00 01 00 03 10 00 71 00 01 00 05 00 03 75 75 03 09 00 00 00 FE 3D 64 
00 00 01 00 03 10 00 71 00 02 00 05 00 02 74 75 02 09 00 00 00 FE 3A 5F 
00 00 01 00 03 10 00 71 00 03 00 05 00 04 39 75 04 09 00 00 00 FE 4D 6B 
00 00 01 00 03 10 00 71 00 04 00 05 00 05 74 75 05 09 00 00 00 FE 59 6C 
00 00 01 00 03 10 00 71 00 05 00 05 00 06 6D 75 06 09 00 00 00 FE 49 6B 
00 00 01 00 03 10 00 71 00 01 00 05 00 03 76 75 03 09 00 00 00 FF 49 6B 
00 00 01 00 03 10 00 71 00 02 00 05 00 02 75 75 02 09 00 00 00 FF 41 6B 
00 00 01 00 03 10 00 71 00 03 00 05 00 04 3A 75 04 09 00 00 00 FF 50 6C 
00 00 01 00 03 10 00 71 00 04 00 05 00 05 75 75 05 09 00 00 00 FF 55 6B 
00 00 01 00 03 10 00 71 00 05 00 05 00 06 6E 75 06 09 00 00 00 FF 4C 6A 
00 00 01 00 03 10 00 71 00 01 00 05 00 03 77 75 03 09 00 00 01 00 4D 6B 
00 00 01 00 03 10 00 71 00 02 00 05 00 02 76 75 02 09 00 00 01 00 4A 6B 
00 00 01 00 03 10 00 71 00 03 00 05 00 04 3B 75 04 09 00 00 01 00 58 6B 
00 00 01 00 03 10 00 71 00 04 00 05 00 05 76 75 05 09 00 00 01 00 51 6B 
00 00 01 00 03 10 00 71 00 05 00 05 00 06 6F 75 06 09 00 00 01 00 4A 6A 
00 00 01 00 03 10 00 71 00 01 00 05 00 03 78 75 03 09 00 00 01 01 49 6B 
00 00 01 00 03 10 00 71 00 02 00 05 00 02 77 75 02 09 00 00 01 01 4B 6C 
00 00 01 00 03 10 00 71 00 03 00 05 00 04 3C 75 04 09 00 00 01 01 4D 6C 
00 00 01 00 03 10 00 71 00 04 00 05 00 05 77 75 05 09 00 00 01 01 59 6A 
00 00 01 00 03 10 00 71 00 05 00 05 00 06 70 75 06 09 00 00 01 01 47 69 
00 00 01 00 03 10 00 71 00 01 00 05 00 03 79 75 03 09 00 00 01 02 4B 6A 
00 00 01 00 03 10 00 71 00 02 00 05 00 02 78 75 02 09 00 00 01 02 48 6B 
00 00 01 00 03 10 00 71 00 03 00 05 00 04 3D 75 04 09 00 00 01 02 4D 6C 
00 00 01 00 03 10 00 71 00 04 00 05 00 05 78 75 05 09 00 00 01 02 59 6C 
00 00 01 00 03 10 00 71 00 05 00 05 00 06 71 75 06 09 00 00 01 02 4B 6B 
00 00 01 00 03 10 00 71 00 01 00 05 00 03 7A 75 03 09 00 00 01 03 47 6B 
00 00 01 00 03 10 00 71 00 02 00 05 00 02 79 75 02 09 00 00 01 03 39 5C 
00 00 01 00 03 10 00 71 00 03 00 05 00 04 3E 75 04 09 00 00 01 03 38 55 
00 00 01 00 03 10 00 71 00 04 00 05 00 05 79 75 05 09 00 00 01 03 59 6B 
00 00 01 00 03 10 00 71 00 05 00 05 00 06 72 75 06 09 00 00 01 03 4B 6A 
00 00 01 00 03 10 00 71 00 01 00 05 00 03 7B 75 03 09 00 00 01 04 44 6B 
00 00 01 00 03 10 00 71 00 02 00 05 00 02 7A 75 02 09 00 00 01 04 44 6B 
00 00 01 00 03 10 00 71 00 03 00 05 00 04 3F 75 04 09 00 00 01 04 43 6C 
00 00 01 00 03 10 00 71 00 04 00 05 00 05 7A 75 05 09 00 00 01 04 57 6C 
00 00 01 00 03 10 00 71 00 05 00 05 00 06 73 75 06 09 00 00 01 04 4B 6C 
00 00 01 00 03 10 00 71 00 01 00 05 00 03 7C 75 03 09 00 00 01 05 45 6B 
00 00 01 00 03 10 00 71 00 02 00 05 00 02 7B 75 02 09 00 00 01 05 44 6C 
00 00 01 00 03 10 00 71 00 03 00 05 00 04 40 75 04 09 00 00 01 05 49 6C 
00 00 01 00 03 10 00 71 00 04 00 05 00 05 7B 75 05 09 00 00 01 05 55 6B 
00 00 01 00 03 10 00 71 00 05 00 05 00 06 74 75 06 09 00 00 01 05 4C 6A 
00 00 01 00 03 10 00 71 00 01 00 05 00 03 7D 75 03 09 00 00 01 06 46 6C 
00 00 01 00 03 10 00 71 00 02 00 05 00 02 7C 75 02 09 00 00 01 06 42 6B 
00 00 01 00 03 10 00 71 00 03 00 05 00 04 41 75 04 09 00 00 01 06 47 6C 
00 00 01 00 03 10 00 71 00 04 00 05 00 05 7C 75 05 09 00 00 01 06 55 6B 
00 00 01 00 03 10 00 71 00 05 00 05 00 06 75 75 06 09 00 00 01 06 4C 6C 
00 00 01 00 03 10 00 71 00 01 00 05 00 03 7E 75 03 09 00 00 01 07 43 6B 
00 00 01 00 03 10 00 71 00 02 00 05 00 02 7D 75 02 09 00 00 01 07 3D 67 
00 00 01 00 03 10 00 71 00 03 00 05 00 04 42 75 04 09 00 00 01 07 43 6C 
00 00 01 00 03 10 00 71 00 04 00 05 00 05 7D 75 05 09 00 00 01 07 57 69 
00 00 01 00 03 10 00 71 00 05 00 05 00 06 76 75 06 09 00 00 01 07 4B 69 
00 00 01 00 03 10 00 71 00 01 00 05 00 03 7F 75 03 09 00 00 01 08 45 6C 
00 00 01 00 03 10 00 71 00 02 00 05 00 02 7E 75 02 09 00 00 01 08 3F 6B 
00 00 01 00 03 10 00 71 00 03 00 05 00 04 43 75 04 09 00 00 01 08 47 6B 
00 00 01 00 03 10 00 71 00 04 00 05 00 05 7E 75 05 09 00 00 01 08 57 6A 
00 00 01 00 03 10 00 71 00 05 00 05 00 06 77 75 06 09 00 00 01 08 4A 6B 
00 00 01 00 03 10 00 71 00 01 00 05 00 03 80 75 03 09 00 00 01 09 45 6B 
00 00 01 00 03 10 00 71 00 02 00 05 00 02 7F 75 02 09 00 00 01 09 3F 6A 
00 00 01 00 03 10 00 71 00 03 00 05 00 04 44 75 04 09 00 00 01 09 49 6B 
00 00 01 00 03 10 00 71 00 04 00 05 00 05 7F 75 05 09 00 00 01 09 57 6B 
00 00 01 00 03 10 00 71 00 05 00 05 00 06 78 75 06 09 00 00 01 09 49 6B 
00 00 01 00 03 10 00 71 00 01 00 05 00 03 81 75 03 09 00 00 01 0A 4B 6B 
00 00 01 00 03 10 00 71 00 02 00 05 00 02 80 75 02 09 00 00 01 0A 3F 6A 
00 00 01 00 03 10 00 71 00 03 00 05 00 04 45 75 04 09 00 00 01 0A 47 6B 
00 00 01 00 03 10 00 71 00 04 00 05 00 05 80 75 05 09 00 00 01 0A 57 6C 
00 00 01 00 03 10 00 71 00 05 00 05 00 06 79 75 06 09 00 00 01 0A 4A 6C 
00 00 01 00 03 10 00 71 00 01 00 05 00 03 82 75 03 09 00 00 01 0B 45 6C 
00 00 01 00 03 10 00 71 00 02 00 05 00 02 81 75 02 09 00 00 01 0B 40 6B 
00 00 01 00 03 10 00 71 00 03 00 05 00 04 46 75 04 09 00 00 01 0B 49 6C 
00 00 01 00 03 10 00 71 00 04 00 05 00 05 81 75 05 09 00 00 01 0B 57 69 
00 00 01 00 03 10 00 71 00 05 00 05 00 06 7A 75 06 09 00 00 01 0B 49 6B 
00 00 01 00 03 10 00 71 00 01 00 05 00 03 83 75 03 09 00 00 01 0C 3C 56 
00 00 01 00 03 10 00 71 00 02 00 05 00 02 82 75 02 09 00 00 01 0C 40 6B 
00 00 01 00 03 10 00 71 00 03 00 05 00 04 47 75 04 09 00 00 01 0C 4D 6C 
00 00 01 00 03 10 00 71 00 04 00 05 00 05 82 75 05 09 00 00 01 0C 57 67 
00 00 01 00 03 10 00 71 00 05 00 05 00 06 7B 75 06 09 00 00 01 0C 4B 6C 
00 00 01 00 03 10 00 71 00 01 00 05 00 03 84 75 03 09 00 00 01 0D 42 6A 
00 00 01 00 03 10 00 71 00 02 00 05 00 02 83 75 02 09 00 00 01 0D 3F 69 
00 00 01 00 03 10 00 71 00 03 00 05 00 04 48 75 04 09 00 00 01 0D 47 6B 
00 00 01 00 03 10 00 71 00 04 00 05 00 05 83 75 05 09 00 00 01 0D 57 6C 
00 00 01 00 03 10 00 71 00 05 00 05 00 06 7C 75 06 09 00 00 01 0D 4B 6C 
