00 00 01 00 02 10 00 71 00 01 00 05 00 02 77 75 02 63 00 00 00 80 38 5A 
00 00 01 00 03 10 00 71 00 01 00 07 00 03 7B 75 03 63 00 00 00 80 40 6A 
00 00 01 00 02 10 00 71 00 02 00 05 00 06 7E 75 06 63 00 00 00 80 49 6B 
00 00 01 00 03 10 00 71 00 01 00 07 00 03 7C 75 03 63 00 00 00 81 41 6A 
00 00 01 00 02 10 00 71 00 02 00 05 00 04 80 75 04 63 00 00 00 81 45 6B 
00 00 01 00 03 10 00 71 00 01 00 09 00 03 8F 75 03 63 00 00 00 94 43 69 
00 00 01 00 02 10 00 71 00 02 00 05 00 04 93 75 04 63 00 00 00 94 46 6C 
00 00 01 00 05 10 00 71 00 01 00 0B 00 05 93 75 05 63 00 00 00 94 53 6B 
00 00 01 00 02 10 00 71 00 02 00 05 00 06 92 75 06 63 00 00 00 94 4F 6B 
00 00 01 00 05 10 00 71 00 01 00 0B 00 05 94 75 05 63 00 00 00 95 53 6B 
00 00 01 00 02 10 00 71 00 01 00 05 00 02 88 75 02 63 00 00 00 95 3C 69 
00 00 01 00 02 10 00 71 00 02 00 05 00 04 94 75 04 63 00 00 00 95 4A 6C 
00 00 01 00 03 10 00 71 00 01 00 09 00 03 90 75 03 63 00 00 00 95 42 6A 
00 00 01 00 02 10 00 71 00 02 00 05 00 06 93 75 06 63 00 00 00 95 50 6A 
00 00 01 00 05 10 00 71 00 01 00 0B 00 05 95 75 05 63 00 00 00 96 53 6C 
00 00 01 00 02 10 00 71 00 01 00 05 00 02 89 75 02 63 00 00 00 96 38 59 
00 00 01 00 02 10 00 71 00 02 00 05 00 04 95 75 04 63 00 00 00 96 45 6C 
00 00 01 00 03 10 00 71 00 01 00 09 00 03 91 75 03 63 00 00 00 96 44 66 
00 00 01 00 02 10 00 71 00 02 00 05 00 06 94 75 06 63 00 00 00 96 4F 6B 
00 00 01 00 03 10 00 71 00 01 00 09 00 03 92 75 03 63 00 00 00 97 47 6B 
00 00 01 00 02 10 00 71 00 01 00 05 00 02 8A 75 02 63 00 00 00 97 3A 67 
00 00 01 00 05 10 00 71 00 01 00 0A 00 05 96 75 05 63 00 00 00 97 52 6B 
00 00 01 00 02 10 00 71 00 02 00 05 00 04 96 75 04 63 00 00 00 97 46 6B 
00 00 01 00 02 10 00 71 00 02 00 05 00 06 95 75 06 63 00 00 00 97 4F 6C 
00 00 01 00 05 10 00 71 00 01 00 0A 00 05 97 75 05 63 00 00 00 98 53 6C 
00 00 01 00 02 10 00 71 00 01 00 05 00 02 8B 75 02 63 00 00 00 98 3E 6B 
00 00 01 00 02 10 00 71 00 02 00 05 00 06 96 75 06 63 00 00 00 98 4F 6C 
00 00 01 00 03 10 00 71 00 01 00 09 00 03 93 75 03 63 00 00 00 98 44 6A 
00 00 01 00 02 10 00 71 00 02 00 05 00 04 97 75 04 63 00 00 00 98 47 6C 
00 00 01 00 05 10 00 71 00 01 00 0A 00 05 98 75 05 63 00 00 00 99 52 6B 
00 00 01 00 03 10 00 71 00 01 00 09 00 03 94 75 03 63 00 00 00 99 43 6A 
00 00 01 00 02 10 00 71 00 01 00 05 00 02 8C 75 02 63 00 00 00 99 3E 6B 
00 00 01 00 02 10 00 71 00 02 00 05 00 06 97 75 06 63 00 00 00 99 50 6B 
00 00 01 00 02 10 00 71 00 02 00 05 00 04 98 75 04 63 00 00 00 99 48 6B 
00 00 01 00 03 10 00 71 00 01 00 09 00 03 95 75 03 63 00 00 00 9A 43 68 
00 00 01 00 05 10 00 71 00 01 00 0A 00 05 99 75 05 63 00 00 00 9A 53 6C 
00 00 01 00 02 10 00 71 00 01 00 05 00 02 8D 75 02 63 00 00 00 9A 41 6B 
00 00 01 00 02 10 00 71 00 02 00 05 00 04 99 75 04 63 00 00 00 9A 49 6B 
00 00 01 00 02 10 00 71 00 02 00 05 00 06 98 75 06 63 00 00 00 9A 50 6B 
00 00 01 00 05 10 00 71 00 01 00 0A 00 05 9A 75 05 63 00 00 00 9B 53 6B 
00 00 01 00 02 10 00 71 00 01 00 05 00 02 8E 75 02 63 00 00 00 9B 45 6C 
00 00 01 00 02 10 00 71 00 02 00 05 00 06 99 75 06 63 00 00 00 9B 4F 6C 
00 00 01 00 02 10 00 71 00 02 00 05 00 04 9A 75 04 63 00 00 00 9B 45 6B 
00 00 01 00 03 10 00 71 00 01 00 09 00 03 96 75 03 63 00 00 00 9B 47 67 
00 00 01 00 02 10 00 71 00 01 00 05 00 02 8F 75 02 63 00 00 00 9C 43 6C 
00 00 01 00 03 10 00 71 00 01 00 09 00 03 97 75 03 63 00 00 00 9C 42 69 
00 00 01 00 02 10 00 71 00 02 00 05 00 04 9B 75 04 63 00 00 00 9C 49 6A 
00 00 01 00 05 10 00 71 00 01 00 09 00 05 9B 75 05 63 00 00 00 9C 52 6C 
00 00 01 00 02 10 00 71 00 02 00 05 00 06 9A 75 06 63 00 00 00 9C 4F 6B 
00 00 01 00 02 10 00 71 00 01 00 05 00 02 90 75 02 63 00 00 00 9D 3E 68 
00 00 01 00 02 10 00 71 00 02 00 05 00 06 9B 75 06 63 00 00 00 9D 4D 6B 
00 00 01 00 05 10 00 71 00 01 00 09 00 05 9C 75 05 63 00 00 00 9D 53 6B 
00 00 01 00 02 10 00 71 00 02 00 05 00 04 9C 75 04 63 00 00 00 9D 42 6A 
00 00 01 00 02 10 00 71 00 01 00 05 00 02 91 75 02 63 00 00 00 9E 3C 61 
00 00 01 00 02 10 00 71 00 02 00 05 00 04 9D 75 04 63 00 00 00 9E 40 6A 
00 00 01 00 02 10 00 71 00 02 00 05 00 06 9C 75 06 63 00 00 00 9E 4D 6C 
00 00 01 00 05 10 00 71 00 01 00 0A 00 05 9D 75 05 63 00 00 00 9E 52 6C 
00 00 01 00 03 10 00 71 00 01 00 09 00 03 98 75 03 63 00 00 00 9E 3A 55 
00 00 01 00 03 10 00 71 00 01 00 0C 00 03 98 75 03 63 00 00 00 9E 3A 55 
00 00 01 00 02 10 00 71 00 01 00 05 00 02 92 75 02 63 00 00 00 9F 3E 6A 
00 00 01 00 03 10 00 71 00 01 00 0C 00 03 99 75 03 63 00 00 00 9F 41 68 
00 00 01 00 02 10 00 71 00 01 00 05 00 02 92 75 02 63 00 00 00 9F 3E 6A 
00 00 01 00 02 10 00 71 00 02 00 05 00 06 9D 75 06 63 00 00 00 9F 4B 6A 
00 00 01 00 05 10 00 71 00 01 00 0A 00 05 9E 75 05 63 00 00 00 9F 52 6C 
00 00 01 00 02 10 00 71 00 02 00 05 00 04 9E 75 04 63 00 00 00 9F 46 6C 
00 00 01 00 02 10 00 71 00 01 00 05 00 02 93 75 02 63 00 00 00 A0 39 57 
00 00 01 00 03 10 00 71 00 01 00 0C 00 03 9A 75 03 63 00 00 00 A0 44 6A 
00 00 01 00 02 10 00 71 00 02 00 05 00 04 9F 75 04 63 00 00 00 A0 41 6B 
00 00 01 00 02 10 00 71 00 02 00 05 00 06 9E 75 06 63 00 00 00 A0 4B 6B 
00 00 01 00 05 10 00 71 00 01 00 0B 00 05 9F 75 05 63 00 00 00 A0 51 6B 
00 00 01 00 03 10 00 71 00 01 00 0C 00 03 9B 75 03 63 00 00 00 A1 43 68 
00 00 01 00 02 10 00 71 00 01 00 05 00 02 94 75 02 63 00 00 00 A1 3C 67 
00 00 01 00 02 10 00 71 00 02 00 05 00 04 A0 75 04 63 00 00 00 A1 3F 6C 
00 00 01 00 02 10 00 71 00 02 00 05 00 06 9F 75 06 63 00 00 00 A1 4B 6C 
00 00 01 00 05 10 00 71 00 01 00 0E 00 05 A0 75 05 63 00 00 00 A1 51 6B 
00 00 01 00 02 10 00 71 00 01 00 05 00 02 95 75 02 63 00 00 00 A2 3E 6B 
00 00 01 00 02 10 00 71 00 02 00 05 00 06 A0 75 06 63 00 00 00 A2 4C 6C 
00 00 01 00 05 10 00 71 00 01 00 0E 00 05 A1 75 05 63 00 00 00 A2 53 6C 
00 00 01 00 02 10 00 71 00 02 00 05 00 04 A1 75 04 63 00 00 00 A2 42 6C 
00 00 01 00 03 10 00 71 00 01 00 0B 00 03 9C 75 03 63 00 00 00 A2 44 68 
00 00 01 00 02 10 00 71 00 01 00 05 00 02 96 75 02 63 00 00 00 A3 3D 6A 
00 00 01 00 05 10 00 71 00 01 00 0E 00 05 A2 75 05 63 00 00 00 A3 51 6B 
00 00 01 00 02 10 00 71 00 02 00 05 00 04 A2 75 04 63 00 00 00 A3 35 4C 
00 00 01 00 02 10 00 71 00 02 00 05 00 06 A1 75 06 63 00 00 00 A3 4B 6B 
00 00 01 00 03 10 00 71 00 01 00 0B 00 03 9D 75 03 63 00 00 00 A3 45 69 
00 00 01 00 02 10 00 71 00 01 00 05 00 02 97 75 02 63 00 00 00 A4 39 65 
00 00 01 00 03 10 00 71 00 01 00 0B 00 03 9E 75 03 63 00 00 00 A4 3F 67 
00 00 01 00 05 10 00 71 00 01 00 0D 00 05 A3 75 05 63 00 00 00 A4 53 6B 
00 00 01 00 02 10 00 71 00 02 00 05 00 04 A3 75 04 63 00 00 00 A4 45 6B 
00 00 01 00 03 10 00 71 00 01 00 0B 00 03 9E 75 03 63 00 00 00 A4 3F 67 
00 00 01 00 02 10 00 71 00 02 00 05 00 06 A2 75 06 63 00 00 00 A4 4B 6A 
00 00 01 00 05 10 00 71 00 01 00 0D 00 05 A4 75 05 63 00 00 00 A5 53 6C 
00 00 01 00 02 10 00 71 00 02 00 05 00 04 A4 75 04 63 00 00 00 A5 45 6B 
00 00 01 00 03 10 00 71 00 01 00 0B 00 03 9F 75 03 63 00 00 00 A5 43 6A 
00 00 01 00 02 10 00 71 00 02 00 05 00 06 A3 75 06 63 00 00 00 A5 4B 6C 
00 00 01 00 02 10 00 71 00 01 00 05 00 02 98 75 02 63 00 00 00 A6 40 6A 
00 00 01 00 03 10 00 71 00 01 00 0B 00 03 A0 75 03 63 00 00 00 A6 41 6A 
00 00 01 00 05 10 00 71 00 01 00 0D 00 05 A5 75 05 63 00 00 00 A6 53 6C 
00 00 01 00 02 10 00 71 00 02 00 05 00 04 A5 75 04 63 00 00 00 A6 45 6C 
00 00 01 00 02 10 00 71 00 02 00 05 00 06 A4 75 06 63 00 00 00 A6 4B 69 
00 00 01 00 02 10 00 71 00 01 00 05 00 02 99 75 02 63 00 00 00 A7 3E 67 
00 00 01 00 02 10 00 71 00 02 00 05 00 06 A5 75 06 63 00 00 00 A7 47 6B 
00 00 01 00 05 10 00 71 00 01 00 0D 00 05 A6 75 05 63 00 00 00 A7 4F 6C 
00 00 01 00 03 10 00 71 00 01 00 0B 00 03 A1 75 03 63 00 00 00 A7 43 68 
00 00 01 00 02 10 00 71 00 02 00 05 00 04 A6 75 04 63 00 00 00 A7 44 6C 
00 00 01 00 05 10 00 71 00 01 00 0C 00 05 A7 75 05 63 00 00 00 A8 52 6A 
00 00 01 00 02 10 00 71 00 01 00 05 00 02 9A 75 02 63 00 00 00 A8 45 6C 
00 00 01 00 02 10 00 71 00 02 00 05 00 04 A7 75 04 63 00 00 00 A8 45 6B 
00 00 01 00 02 10 00 71 00 02 00 05 00 06 A6 75 06 63 00 00 00 A8 4D 6B 
00 00 01 00 03 10 00 71 00 01 00 0E 00 03 A2 75 03 63 00 00 00 A8 44 68 
00 00 01 00 03 10 00 71 00 01 00 0E 00 03 A2 75 03 63 00 00 00 A8 44 68 
00 00 01 00 03 10 00 71 00 01 00 0E 00 03 A3 75 03 63 00 00 00 A9 47 69 
00 00 01 00 02 10 00 71 00 01 00 05 00 02 9B 75 02 63 00 00 00 A9 46 6B 
00 00 01 00 02 10 00 71 00 02 00 05 00 04 A8 75 04 63 00 00 00 A9 46 6C 
00 00 01 00 05 10 00 71 00 01 00 0C 00 05 A8 75 05 63 00 00 00 A9 51 6B 
00 00 01 00 02 10 00 71 00 02 00 05 00 06 A7 75 06 63 00 00 00 A9 49 6B 
00 00 01 00 02 10 00 71 00 01 00 05 00 02 9C 75 02 63 00 00 00 AA 46 6B 
00 00 01 00 02 10 00 71 00 02 00 05 00 04 A9 75 04 63 00 00 00 AA 42 6C 
00 00 01 00 03 10 00 71 00 01 00 0E 00 03 A4 75 03 63 00 00 00 AA 47 66 
00 00 01 00 05 10 00 71 00 01 00 0C 00 05 A9 75 05 63 00 00 00 AA 4F 6C 
00 00 01 00 02 10 00 71 00 02 00 05 00 06 A8 75 06 63 00 00 00 AA 46 6B 
00 00 01 00 03 10 00 71 00 01 00 0E 00 03 A5 75 03 63 00 00 00 AB 45 65 
00 00 01 00 02 10 00 71 00 01 00 05 00 02 9D 75 02 63 00 00 00 AB 3F 66 
00 00 01 00 05 10 00 71 00 01 00 0C 00 05 AA 75 05 63 00 00 00 AB 4E 6C 
00 00 01 00 02 10 00 71 00 02 00 05 00 04 AA 75 04 63 00 00 00 AB 43 6B 
00 00 01 00 02 10 00 71 00 02 00 05 00 06 A9 75 06 63 00 00 00 AB 47 6A 
00 00 01 00 02 10 00 71 00 01 00 05 00 02 9E 75 02 63 00 00 00 AC 38 62 
00 00 01 00 03 10 00 71 00 01 00 0E 00 03 A6 75 03 63 00 00 00 AC 44 6B 
00 00 01 00 02 10 00 71 00 02 00 05 00 04 AB 75 04 63 00 00 00 AC 45 6B 
00 00 01 00 05 10 00 71 00 01 00 0C 00 05 AB 75 05 63 00 00 00 AC 4E 6C 
00 00 01 00 02 10 00 71 00 02 00 05 00 06 AA 75 06 63 00 00 00 AC 46 6A 
00 00 01 00 05 10 00 71 00 01 00 0B 00 05 AC 75 05 63 00 00 00 AD 51 6C 
00 00 01 00 03 10 00 71 00 01 00 0E 00 03 A7 75 03 63 00 00 00 AD 40 67 
00 00 01 00 02 10 00 71 00 02 00 05 00 04 AC 75 04 63 00 00 00 AD 42 6C 
00 00 01 00 02 10 00 71 00 02 00 05 00 06 AB 75 06 63 00 00 00 AD 45 6C 
00 00 01 00 02 10 00 71 00 01 00 05 00 02 9F 75 02 63 00 00 00 AE 44 69 
00 00 01 00 03 10 00 71 00 01 00 0E 00 03 A8 75 03 63 00 00 00 AE 43 6A 
00 00 01 00 05 10 00 71 00 01 00 0B 00 05 AD 75 05 63 00 00 00 AE 54 6C 
00 00 01 00 02 10 00 71 00 02 00 05 00 06 AC 75 06 63 00 00 00 AE 4A 6B 
00 00 01 00 02 10 00 71 00 02 00 05 00 04 AD 75 04 63 00 00 00 AE 44 6C 
00 00 01 00 02 10 00 71 00 01 00 05 00 02 A0 75 02 63 00 00 00 AF 46 6B 
00 00 01 00 02 10 00 71 00 02 00 05 00 04 AE 75 04 63 00 00 00 AF 44 6C 
00 00 01 00 05 10 00 71 00 01 00 0B 00 05 AE 75 05 63 00 00 00 AF 54 69 
00 00 01 00 03 10 00 71 00 01 00 0D 00 03 A9 75 03 63 00 00 00 AF 40 67 
00 00 01 00 02 10 00 71 00 02 00 05 00 06 AD 75 06 63 00 00 00 AF 47 6B 
00 00 01 00 05 10 00 71 00 01 00 0B 00 05 AF 75 05 63 00 00 00 B0 45 6B 
00 00 01 00 02 10 00 71 00 01 00 05 00 02 A1 75 02 63 00 00 00 B0 48 69 
00 00 01 00 03 10 00 71 00 01 00 0D 00 03 AA 75 03 63 00 00 00 B0 3A 58 
00 00 01 00 02 10 00 71 00 02 00 05 00 04 AF 75 04 63 00 00 00 B0 45 6B 
00 00 01 00 02 10 00 71 00 02 00 05 00 06 AE 75 06 63 00 00 00 B0 43 6C 
00 00 01 00 03 10 00 71 00 02 00 0D 00 06 AE 75 06 63 00 00 00 B0 43 6C 
00 00 01 00 02 10 00 71 00 01 00 05 00 02 A2 75 02 63 00 00 00 B1 3D 69 
00 00 01 00 02 10 00 71 00 02 00 05 00 04 B0 75 04 63 00 00 00 B1 45 6C 
00 00 01 00 03 10 00 71 00 01 00 0C 00 03 AB 75 03 63 00 00 00 B1 3B 5C 
00 00 01 00 05 10 00 71 00 01 00 0B 00 05 B0 75 05 63 00 00 00 B1 44 6B 
00 00 01 00 03 10 00 71 00 02 00 0C 00 06 AF 75 06 63 00 00 00 B1 36 4E 
00 00 01 00 02 10 00 71 00 01 00 05 00 02 A3 75 02 63 00 00 00 B2 3D 6A 
00 00 01 00 05 10 00 71 00 01 00 0B 00 05 B1 75 05 63 00 00 00 B2 4F 6B 
00 00 01 00 03 10 00 71 00 01 00 0C 00 03 AC 75 03 63 00 00 00 B2 3A 52 
00 00 01 00 02 10 00 71 00 02 00 05 00 04 B1 75 04 63 00 00 00 B2 42 6B 
00 00 01 00 03 10 00 71 00 02 00 0B 00 06 B0 75 06 63 00 00 00 B2 42 6C 
00 00 01 00 02 10 00 71 00 01 00 05 00 02 A4 75 02 63 00 00 00 B3 40 6B 
00 00 01 00 02 10 00 71 00 02 00 05 00 04 B2 75 04 63 00 00 00 B3 47 6B 
00 00 01 00 05 10 00 71 00 01 00 0B 00 05 B2 75 05 63 00 00 00 B3 51 6B 
00 00 01 00 03 10 00 71 00 02 00 0B 00 06 B1 75 06 63 00 00 00 B3 45 6C 
00 00 01 00 03 10 00 71 00 01 00 0B 00 03 AD 75 03 63 00 00 00 B4 3C 64 
00 00 01 00 02 10 00 71 00 01 00 05 00 02 A5 75 02 63 00 00 00 B4 3F 6B 
00 00 01 00 05 10 00 71 00 01 00 0B 00 05 B3 75 05 63 00 00 00 B4 52 6C 
00 00 01 00 02 10 00 71 00 02 00 05 00 04 B3 75 04 63 00 00 00 B4 45 6B 
00 00 01 00 03 10 00 71 00 02 00 0B 00 06 B2 75 06 63 00 00 00 B4 46 6C 
00 00 01 00 05 10 00 71 00 01 00 0B 00 05 B4 75 05 63 00 00 00 B5 53 6B 
00 00 01 00 03 10 00 71 00 01 00 0B 00 03 AE 75 03 63 00 00 00 B5 3A 53 
00 00 01 00 02 10 00 71 00 01 00 05 00 02 A6 75 02 63 00 00 00 B5 42 69 
00 00 01 00 03 10 00 71 00 02 00 0B 00 06 B3 75 06 63 00 00 00 B5 47 6B 
00 00 01 00 02 10 00 71 00 02 00 05 00 04 B4 75 04 63 00 00 00 B5 3F 6C 
00 00 01 00 03 10 00 71 00 01 00 0B 00 03 AF 75 03 63 00 00 00 B6 3C 61 
00 00 01 00 02 10 00 71 00 01 00 05 00 02 A7 75 02 63 00 00 00 B6 41 6A 
00 00 01 00 05 10 00 71 00 01 00 0B 00 05 B5 75 05 63 00 00 00 B6 53 6C 
00 00 01 00 02 10 00 71 00 02 00 05 00 04 B5 75 04 63 00 00 00 B6 3A 5E 
00 00 01 00 03 10 00 71 00 02 00 0B 00 06 B4 75 06 63 00 00 00 B6 48 6A 
00 00 01 00 05 10 00 71 00 01 00 0B 00 05 B6 75 05 63 00 00 00 B7 52 6B 
00 00 01 00 03 10 00 71 00 01 00 0A 00 03 B0 75 03 63 00 00 00 B7 41 69 
00 00 01 00 02 10 00 71 00 01 00 05 00 02 A8 75 02 63 00 00 00 B7 3A 64 
00 00 01 00 02 10 00 71 00 02 00 05 00 04 B6 75 04 63 00 00 00 B7 45 6C 
00 00 01 00 03 10 00 71 00 02 00 0A 00 06 B5 75 06 63 00 00 00 B7 4B 6B 
00 00 01 00 02 10 00 71 00 01 00 05 00 02 A9 75 02 63 00 00 00 B8 40 69 
00 00 01 00 05 10 00 71 00 01 00 0B 00 05 B7 75 05 63 00 00 00 B8 53 6C 
00 00 01 00 03 10 00 71 00 01 00 0A 00 03 B1 75 03 63 00 00 00 B8 3C 62 
00 00 01 00 03 10 00 71 00 02 00 0A 00 06 B6 75 06 63 00 00 00 B8 4A 6B 
00 00 01 00 03 10 00 71 00 01 00 09 00 03 B2 75 03 63 00 00 00 B9 3D 66 
00 00 01 00 05 10 00 71 00 01 00 0B 00 05 B8 75 05 63 00 00 00 B9 51 6B 
00 00 01 00 03 10 00 71 00 02 00 09 00 06 B7 75 06 63 00 00 00 B9 45 6A 
00 00 01 00 02 10 00 71 00 02 00 05 00 04 B7 75 04 63 00 00 00 B9 3D 6A 
00 00 01 00 05 10 00 71 00 01 00 0B 00 05 B9 75 05 63 00 00 00 BA 51 6B 
00 00 01 00 02 10 00 71 00 02 00 05 00 04 B8 75 04 63 00 00 00 BA 3E 6A 
00 00 01 00 03 10 00 71 00 01 00 09 00 03 B3 75 03 63 00 00 00 BA 3E 62 
00 00 01 00 03 10 00 71 00 02 00 09 00 06 B8 75 06 63 00 00 00 BA 49 6B 
00 00 01 00 02 10 00 71 00 01 00 05 00 02 AA 75 02 63 00 00 00 BB 37 4C 
00 00 01 00 03 10 00 71 00 01 00 08 00 03 B4 75 03 63 00 00 00 BB 40 68 
00 00 01 00 05 10 00 71 00 01 00 0A 00 05 BA 75 05 63 00 00 00 BB 50 6B 
00 00 01 00 03 10 00 71 00 02 00 08 00 06 B9 75 06 63 00 00 00 BB 47 6C 
00 00 01 00 05 10 00 71 00 01 00 0A 00 05 BB 75 05 63 00 00 00 BC 51 6B 
00 00 01 00 02 10 00 71 00 01 00 05 00 02 AB 75 02 63 00 00 00 BC 3F 69 
00 00 01 00 03 10 00 71 00 01 00 08 00 03 B5 75 03 63 00 00 00 BC 42 66 
00 00 01 00 03 10 00 71 00 02 00 08 00 06 BA 75 06 63 00 00 00 BC 49 6B 
00 00 01 00 02 10 00 71 00 02 00 05 00 04 B9 75 04 63 00 00 00 BC 45 6C 
00 00 01 00 05 10 00 71 00 01 00 0A 00 05 BC 75 05 63 00 00 00 BD 4F 6B 
00 00 01 00 02 10 00 71 00 01 00 05 00 02 AC 75 02 63 00 00 00 BD 3B 68 
00 00 01 00 03 10 00 71 00 01 00 07 00 03 B6 75 03 63 00 00 00 BD 44 68 
00 00 01 00 02 10 00 71 00 02 00 05 00 04 BA 75 04 63 00 00 00 BD 48 6C 
00 00 01 00 03 10 00 71 00 02 00 07 00 06 BB 75 06 63 00 00 00 BD 49 6B 
00 00 01 00 05 10 00 71 00 01 00 0A 00 05 BD 75 05 63 00 00 00 BE 4F 6C 
00 00 01 00 02 10 00 71 00 01 00 05 00 02 AD 75 02 63 00 00 00 BE 3E 6B 
00 00 01 00 03 10 00 71 00 01 00 07 00 03 B7 75 03 63 00 00 00 BE 43 67 
00 00 01 00 02 10 00 71 00 02 00 05 00 04 BB 75 04 63 00 00 00 BE 47 6B 
00 00 01 00 03 10 00 71 00 02 00 07 00 06 BC 75 06 63 00 00 00 BE 46 6C 
00 00 01 00 02 10 00 71 00 01 00 05 00 02 AE 75 02 63 00 00 00 BF 37 54 
00 00 01 00 02 10 00 71 00 02 00 05 00 04 BC 75 04 63 00 00 00 BF 47 6C 
00 00 01 00 03 10 00 71 00 01 00 07 00 03 B8 75 03 63 00 00 00 BF 43 69 
00 00 01 00 05 10 00 71 00 01 00 09 00 05 BE 75 05 63 00 00 00 BF 50 6A 
00 00 01 00 03 10 00 71 00 02 00 07 00 06 BD 75 06 63 00 00 00 BF 48 6C 
00 00 01 00 02 10 00 71 00 01 00 05 00 02 AF 75 02 63 00 00 00 C0 3B 65 
00 00 01 00 05 10 00 71 00 01 00 09 00 05 BF 75 05 63 00 00 00 C0 50 6C 
00 00 01 00 03 10 00 71 00 01 00 07 00 03 B9 75 03 63 00 00 00 C0 42 66 
00 00 01 00 02 10 00 71 00 02 00 05 00 04 BD 75 04 63 00 00 00 C0 47 6B 
00 00 01 00 03 10 00 71 00 02 00 07 00 06 BE 75 06 63 00 00 00 C0 46 6C 
00 00 01 00 02 10 00 71 00 01 00 05 00 02 B0 75 02 63 00 00 00 C1 3F 67 
00 00 01 00 03 10 00 71 00 01 00 07 00 03 BA 75 03 63 00 00 00 C1 3D 63 
00 00 01 00 02 10 00 71 00 02 00 05 00 04 BE 75 04 63 00 00 00 C1 3B 6B 
00 00 01 00 05 10 00 71 00 01 00 0A 00 05 C0 75 05 63 00 00 00 C1 53 6B 
00 00 01 00 03 10 00 71 00 02 00 07 00 06 BF 75 06 63 00 00 00 C1 49 6C 
00 00 01 00 02 10 00 71 00 01 00 05 00 02 B1 75 02 63 00 00 00 C2 41 68 
00 00 01 00 02 10 00 71 00 02 00 05 00 04 BF 75 04 63 00 00 00 C2 38 6A 
00 00 01 00 05 10 00 71 00 01 00 0A 00 05 C1 75 05 63 00 00 00 C2 51 6C 
00 00 01 00 03 10 00 71 00 01 00 07 00 03 BB 75 03 63 00 00 00 C2 3F 67 
00 00 01 00 03 10 00 71 00 02 00 07 00 06 C0 75 06 63 00 00 00 C2 47 6A 
00 00 01 00 02 10 00 71 00 01 00 05 00 02 B2 75 02 63 00 00 00 C3 3D 67 
00 00 01 00 02 10 00 71 00 02 00 05 00 04 C0 75 04 63 00 00 00 C3 37 64 
00 00 01 00 03 10 00 71 00 01 00 07 00 03 BC 75 03 63 00 00 00 C3 3F 67 
00 00 01 00 05 10 00 71 00 01 00 0B 00 05 C2 75 05 63 00 00 00 C3 51 6B 
00 00 01 00 03 10 00 71 00 02 00 07 00 06 C1 75 06 63 00 00 00 C3 46 6A 
00 00 01 00 05 10 00 71 00 01 00 0B 00 05 C3 75 05 63 00 00 00 C4 51 6B 
00 00 01 00 03 10 00 71 00 01 00 07 00 03 BD 75 03 63 00 00 00 C4 3E 68 
00 00 01 00 02 10 00 71 00 01 00 05 00 02 B3 75 02 63 00 00 00 C4 40 6B 
00 00 01 00 03 10 00 71 00 02 00 07 00 06 C2 75 06 63 00 00 00 C4 48 69 
00 00 01 00 02 10 00 71 00 02 00 05 00 04 C1 75 04 63 00 00 00 C4 3A 69 
00 00 01 00 03 10 00 71 00 01 00 07 00 03 BE 75 03 63 00 00 00 C5 3E 64 
00 00 01 00 02 10 00 71 00 01 00 05 00 02 B4 75 02 63 00 00 00 C5 3E 6A 
00 00 01 00 03 10 00 71 00 02 00 07 00 06 C3 75 06 63 00 00 00 C5 49 6B 
00 00 01 00 02 10 00 71 00 02 00 05 00 04 C2 75 04 63 00 00 00 C5 45 6C 
00 00 01 00 05 10 00 71 00 01 00 0B 00 05 C4 75 05 63 00 00 00 C5 51 6C 
00 00 01 00 03 10 00 71 00 01 00 07 00 03 BF 75 03 63 00 00 00 C6 3D 66 
00 00 01 00 02 10 00 71 00 01 00 05 00 02 B5 75 02 63 00 00 00 C6 41 68 
00 00 01 00 02 10 00 71 00 02 00 05 00 04 C3 75 04 63 00 00 00 C6 45 6C 
00 00 01 00 05 10 00 71 00 01 00 0B 00 05 C5 75 05 63 00 00 00 C6 4F 6C 
00 00 01 00 03 10 00 71 00 02 00 06 00 06 C4 75 06 63 00 00 00 C6 47 6C 
00 00 01 00 03 10 00 71 00 01 00 06 00 03 C0 75 03 63 00 00 00 C7 4B 6B 
00 00 01 00 02 10 00 71 00 01 00 05 00 02 B6 75 02 63 00 00 00 C7 42 6B 
00 00 01 00 05 10 00 71 00 01 00 0B 00 05 C6 75 05 63 00 00 00 C7 43 6B 
00 00 01 00 02 10 00 71 00 02 00 05 00 04 C4 75 04 63 00 00 00 C7 47 6C 
00 00 01 00 03 10 00 71 00 02 00 06 00 06 C5 75 06 63 00 00 00 C7 41 6B 
00 00 01 00 02 10 00 71 00 01 00 05 00 02 B7 75 02 63 00 00 00 C8 42 6B 
00 00 01 00 02 10 00 71 00 02 00 05 00 04 C5 75 04 63 00 00 00 C8 4F 6C 
00 00 01 00 03 10 00 71 00 01 00 06 00 03 C1 75 03 63 00 00 00 C8 51 6A 
00 00 01 00 03 10 00 71 00 02 00 06 00 06 C6 75 06 63 00 00 00 C8 45 6C 
00 00 01 00 05 10 00 71 00 01 00 0B 00 05 C7 75 05 63 00 00 00 C8 51 6B 
00 00 01 00 02 10 00 71 00 01 00 05 00 02 B8 75 02 63 00 00 00 C9 4B 68 
00 00 01 00 05 10 00 71 00 01 00 0B 00 05 C8 75 05 63 00 00 00 C9 51 6B 
00 00 01 00 02 10 00 71 00 02 00 05 00 04 C6 75 04 63 00 00 00 C9 51 6A 
00 00 01 00 03 10 00 71 00 01 00 06 00 03 C2 75 03 63 00 00 00 C9 4F 6A 
00 00 01 00 03 10 00 71 00 02 00 06 00 06 C7 75 06 63 00 00 00 C9 47 6C 
00 00 01 00 03 10 00 71 00 01 00 06 00 03 C3 75 03 63 00 00 00 CA 4B 6C 
00 00 01 00 02 10 00 71 00 01 00 05 00 02 B9 75 02 63 00 00 00 CA 46 6B 
00 00 01 00 02 10 00 71 00 02 00 05 00 04 C7 75 04 63 00 00 00 CA 50 6C 
00 00 01 00 03 10 00 71 00 02 00 06 00 06 C8 75 06 63 00 00 00 CA 45 6C 
00 00 01 00 03 10 00 71 00 02 00 06 00 05 C9 75 05 63 00 00 00 CA 4F 6C 
00 00 01 00 03 10 00 71 00 01 00 06 00 03 C4 75 03 63 00 00 00 CB 4A 6B 
00 00 01 00 02 10 00 71 00 01 00 05 00 02 BA 75 02 63 00 00 00 CB 46 6B 
00 00 01 00 03 10 00 71 00 02 00 06 00 06 C9 75 06 63 00 00 00 CB 48 6C 
00 00 01 00 02 10 00 71 00 02 00 05 00 04 C8 75 04 63 00 00 00 CB 53 6C 
00 00 01 00 03 10 00 71 00 02 00 06 00 05 CA 75 05 63 00 00 00 CB 51 6C 
00 00 01 00 03 10 00 71 00 01 00 05 00 03 C5 75 03 63 00 00 00 CC 4E 6B 
00 00 01 00 02 10 00 71 00 01 00 05 00 02 BB 75 02 63 00 00 00 CC 49 69 
00 00 01 00 03 10 00 71 00 02 00 05 00 05 CB 75 05 63 00 00 00 CC 50 6C 
00 00 01 00 02 10 00 71 00 02 00 05 00 04 C9 75 04 63 00 00 00 CC 53 6B 
00 00 01 00 03 10 00 71 00 02 00 05 00 06 CA 75 06 63 00 00 00 CC 4A 6A 
00 00 01 00 03 10 00 71 00 01 00 05 00 03 C6 75 03 63 00 00 00 CD 4F 6A 
00 00 01 00 02 10 00 71 00 01 00 05 00 02 BC 75 02 63 00 00 00 CD 49 6B 
00 00 01 00 02 10 00 71 00 02 00 05 00 04 CA 75 04 63 00 00 00 CD 51 6C 
00 00 01 00 03 10 00 71 00 02 00 05 00 06 CB 75 06 63 00 00 00 CD 4A 6C 
00 00 01 00 03 10 00 71 00 02 00 05 00 05 CC 75 05 63 00 00 00 CD 4F 6B 
00 00 01 00 02 10 00 71 00 01 00 05 00 02 BD 75 02 63 00 00 00 CE 4B 6B 
00 00 01 00 03 10 00 71 00 01 00 05 00 03 C7 75 03 63 00 00 00 CE 4F 6A 
00 00 01 00 02 10 00 71 00 02 00 05 00 04 CB 75 04 63 00 00 00 CE 51 6C 
00 00 01 00 03 10 00 71 00 02 00 05 00 06 CC 75 06 63 00 00 00 CE 4A 6C 
00 00 01 00 03 10 00 71 00 02 00 05 00 05 CD 75 05 63 00 00 00 CE 4F 6C 
00 00 01 00 03 10 00 71 00 01 00 05 00 03 C8 75 03 63 00 00 00 CF 4F 6A 
00 00 01 00 02 10 00 71 00 01 00 05 00 02 BE 75 02 63 00 00 00 CF 4B 6B 
00 00 01 00 02 10 00 71 00 02 00 05 00 04 CC 75 04 63 00 00 00 CF 54 6B 
00 00 01 00 03 10 00 71 00 02 00 05 00 06 CD 75 06 63 00 00 00 CF 49 6C 
00 00 01 00 03 10 00 71 00 02 00 05 00 05 CE 75 05 63 00 00 00 CF 51 6C 
00 00 01 00 02 10 00 71 00 01 00 05 00 02 BF 75 02 63 00 00 00 D0 4B 69 
00 00 01 00 03 10 00 71 00 01 00 05 00 03 C9 75 03 63 00 00 00 D0 4C 6B 
00 00 01 00 02 10 00 71 00 02 00 05 00 04 CD 75 04 63 00 00 00 D0 53 6C 
00 00 01 00 03 10 00 71 00 02 00 05 00 05 CF 75 05 63 00 00 00 D0 51 6C 
00 00 01 00 03 10 00 71 00 02 00 05 00 06 CE 75 06 63 00 00 00 D0 3E 6B 
00 00 01 00 02 10 00 71 00 01 00 05 00 02 C0 75 02 63 00 00 00 D1 4D 69 
00 00 01 00 03 10 00 71 00 01 00 05 00 03 CA 75 03 63 00 00 00 D1 4D 6A 
00 00 01 00 02 10 00 71 00 02 00 05 00 04 CE 75 04 63 00 00 00 D1 55 6C 
00 00 01 00 03 10 00 71 00 02 00 05 00 05 D0 75 05 63 00 00 00 D1 4E 6C 
00 00 01 00 03 10 00 71 00 02 00 05 00 06 CF 75 06 63 00 00 00 D1 34 45 
00 00 01 00 02 10 00 71 00 01 00 05 00 02 C1 75 02 63 00 00 00 D2 47 67 
00 00 01 00 03 10 00 71 00 01 00 05 00 03 CB 75 03 63 00 00 00 D2 4D 6B 
00 00 01 00 02 10 00 71 00 02 00 05 00 04 CF 75 04 63 00 00 00 D2 55 6B 
00 00 01 00 03 10 00 71 00 02 00 05 00 06 D0 75 06 63 00 00 00 D2 46 6C 
00 00 01 00 03 10 00 71 00 02 00 05 00 05 D1 75 05 63 00 00 00 D2 51 6A 
00 00 01 00 02 10 00 71 00 01 00 05 00 02 C2 75 02 63 00 00 00 D3 4B 67 
00 00 01 00 02 10 00 71 00 02 00 05 00 04 D0 75 04 63 00 00 00 D3 59 6C 
00 00 01 00 03 10 00 71 00 01 00 05 00 03 CC 75 03 63 00 00 00 D3 50 6B 
00 00 01 00 03 10 00 71 00 02 00 05 00 05 D2 75 05 63 00 00 00 D3 53 6B 
00 00 01 00 03 10 00 71 00 02 00 05 00 06 D1 75 06 63 00 00 00 D3 47 6C 
00 00 01 00 02 10 00 71 00 01 00 05 00 02 C3 75 02 63 00 00 00 D4 46 69 
00 00 01 00 02 10 00 71 00 02 00 05 00 04 D1 75 04 63 00 00 00 D4 59 6C 
00 00 01 00 03 10 00 71 00 01 00 05 00 03 CD 75 03 63 00 00 00 D4 4C 6B 
00 00 01 00 03 10 00 71 00 02 00 05 00 06 D2 75 06 63 00 00 00 D4 4A 6C 
00 00 01 00 03 10 00 71 00 02 00 05 00 05 D3 75 05 63 00 00 00 D4 51 6B 
00 00 01 00 02 10 00 71 00 01 00 05 00 02 C4 75 02 63 00 00 00 D5 45 6C 
00 00 01 00 03 10 00 71 00 01 00 05 00 03 CE 75 03 63 00 00 00 D5 4C 6C 
00 00 01 00 03 10 00 71 00 02 00 05 00 06 D3 75 06 63 00 00 00 D5 4B 6C 
00 00 01 00 03 10 00 71 00 02 00 05 00 05 D4 75 05 63 00 00 00 D5 4F 6C 
00 00 01 00 02 10 00 71 00 02 00 05 00 04 D2 75 04 63 00 00 00 D5 59 6C 
00 00 01 00 03 10 00 71 00 01 00 05 00 03 CF 75 03 63 00 00 00 D6 4D 6B 
00 00 01 00 02 10 00 71 00 01 00 05 00 02 C5 75 02 63 00 00 00 D6 4B 6A 
00 00 01 00 03 10 00 71 00 02 00 05 00 06 D4 75 06 63 00 00 00 D6 4D 6B 
00 00 01 00 02 10 00 71 00 02 00 05 00 04 D3 75 04 63 00 00 00 D6 56 6C 
00 00 01 00 03 10 00 71 00 02 00 05 00 05 D5 75 05 63 00 00 00 D6 51 6C 
00 00 01 00 03 10 00 71 00 01 00 05 00 03 D0 75 03 63 00 00 00 D7 4D 6B 
00 00 01 00 02 10 00 71 00 01 00 05 00 02 C6 75 02 63 00 00 00 D7 49 6A 
00 00 01 00 03 10 00 71 00 02 00 05 00 06 D5 75 06 63 00 00 00 D7 49 6C 
00 00 01 00 03 10 00 71 00 02 00 05 00 05 D6 75 05 63 00 00 00 D7 51 6A 
00 00 01 00 02 10 00 71 00 02 00 05 00 04 D4 75 04 63 00 00 00 D7 57 6C 
00 00 01 00 02 10 00 71 00 01 00 05 00 02 C7 75 02 63 00 00 00 D8 44 6B 
00 00 01 00 03 10 00 71 00 01 00 05 00 03 D1 75 03 63 00 00 00 D8 4C 6B 
00 00 01 00 03 10 00 71 00 02 00 05 00 05 D7 75 05 63 00 00 00 D8 52 6B 
00 00 01 00 03 10 00 71 00 02 00 05 00 06 D6 75 06 63 00 00 00 D8 4D 6A 
00 00 01 00 03 10 00 71 00 03 00 05 00 04 D5 75 04 63 00 00 00 D8 56 6C 
00 00 01 00 03 10 00 71 00 01 00 05 00 03 D2 75 03 63 00 00 00 D9 4D 6A 
00 00 01 00 02 10 00 71 00 01 00 05 00 02 C8 75 02 63 00 00 00 D9 49 6C 
00 00 01 00 03 10 00 71 00 02 00 05 00 06 D7 75 06 63 00 00 00 D9 4B 6A 
00 00 01 00 03 10 00 71 00 03 00 05 00 04 D6 75 04 63 00 00 00 D9 51 6C 
00 00 01 00 03 10 00 71 00 02 00 05 00 05 D8 75 05 63 00 00 00 D9 53 6C 
00 00 01 00 02 10 00 71 00 01 00 05 00 02 C9 75 02 63 00 00 00 DA 49 69 
00 00 01 00 03 10 00 71 00 01 00 05 00 03 D3 75 03 63 00 00 00 DA 4F 6A 
00 00 01 00 03 10 00 71 00 02 00 05 00 06 D8 75 06 63 00 00 00 DA 4B 6B 
00 00 01 00 03 10 00 71 00 02 00 05 00 05 D9 75 05 63 00 00 00 DA 52 6B 
00 00 01 00 03 10 00 71 00 03 00 05 00 04 D7 75 04 63 00 00 00 DA 51 6C 
00 00 01 00 03 10 00 71 00 01 00 05 00 03 D4 75 03 63 00 00 00 DB 4F 6C 
00 00 01 00 02 10 00 71 00 01 00 05 00 02 CA 75 02 63 00 00 00 DB 47 67 
00 00 01 00 03 10 00 71 00 02 00 05 00 06 D9 75 06 63 00 00 00 DB 4B 6C 
00 00 01 00 03 10 00 71 00 02 00 05 00 05 DA 75 05 63 00 00 00 DB 52 6B 
00 00 01 00 03 10 00 71 00 03 00 05 00 04 D8 75 04 63 00 00 00 DB 52 6C 
00 00 01 00 03 10 00 71 00 01 00 05 00 03 D5 75 03 63 00 00 00 DC 4E 69 
00 00 01 00 02 10 00 71 00 01 00 05 00 02 CB 75 02 63 00 00 00 DC 47 6A 
00 00 01 00 03 10 00 71 00 02 00 05 00 05 DB 75 05 63 00 00 00 DC 52 6B 
00 00 01 00 03 10 00 71 00 02 00 05 00 06 DA 75 06 63 00 00 00 DC 4B 6A 
00 00 01 00 03 10 00 71 00 03 00 05 00 04 D9 75 04 63 00 00 00 DC 51 6C 
00 00 01 00 03 10 00 71 00 01 00 05 00 03 D6 75 03 63 00 00 00 DD 4F 6C 
00 00 01 00 02 10 00 71 00 01 00 05 00 02 CC 75 02 63 00 00 00 DD 39 65 
00 00 01 00 03 10 00 71 00 02 00 05 00 06 DB 75 06 63 00 00 00 DD 4F 6C 
00 00 01 00 03 10 00 71 00 03 00 05 00 04 DA 75 04 63 00 00 00 DD 55 6C 
00 00 01 00 03 10 00 71 00 02 00 05 00 05 DC 75 05 63 00 00 00 DD 53 6C 
00 00 01 00 03 10 00 71 00 01 00 05 00 03 D7 75 03 63 00 00 00 DE 50 6A 
00 00 01 00 02 10 00 71 00 01 00 05 00 02 CD 75 02 63 00 00 00 DE 44 6B 
00 00 01 00 03 10 00 71 00 02 00 05 00 05 DD 75 05 63 00 00 00 DE 52 6B 
00 00 01 00 03 10 00 71 00 02 00 05 00 06 DC 75 06 63 00 00 00 DE 4F 6C 
00 00 01 00 03 10 00 71 00 03 00 05 00 04 DB 75 04 63 00 00 00 DE 54 6B 
00 00 01 00 03 10 00 71 00 01 00 05 00 03 D8 75 03 63 00 00 00 DF 4E 6A 
00 00 01 00 02 10 00 71 00 01 00 05 00 02 CE 75 02 63 00 00 00 DF 45 68 
00 00 01 00 03 10 00 71 00 02 00 05 00 05 DE 75 05 63 00 00 00 DF 53 69 
00 00 01 00 02 10 00 71 00 01 00 05 00 02 CE 75 02 63 00 00 00 DF 45 68 
00 00 01 00 03 10 00 71 00 02 00 05 00 06 DD 75 06 63 00 00 00 DF 4F 6C 
00 00 01 00 03 10 00 71 00 03 00 05 00 04 DC 75 04 63 00 00 00 DF 55 6C 
00 00 01 00 02 10 00 71 00 01 00 05 00 02 CF 75 02 63 00 00 00 E0 47 69 
00 00 01 00 03 10 00 71 00 01 00 05 00 03 D9 75 03 63 00 00 00 E0 50 6C 
00 00 01 00 03 10 00 71 00 02 00 05 00 05 DF 75 05 63 00 00 00 E0 55 6B 
00 00 01 00 03 10 00 71 00 02 00 05 00 06 DE 75 06 63 00 00 00 E0 4B 6C 
00 00 01 00 03 10 00 71 00 03 00 05 00 04 DD 75 04 63 00 00 00 E0 59 6C 
00 00 01 00 03 10 00 71 00 01 00 05 00 03 DA 75 03 63 00 00 00 E1 4F 6B 
00 00 01 00 02 10 00 71 00 01 00 05 00 02 D0 75 02 63 00 00 00 E1 3B 63 
00 00 01 00 03 10 00 71 00 02 00 05 00 06 DF 75 06 63 00 00 00 E1 42 6B 
00 00 01 00 03 10 00 71 00 02 00 05 00 05 E0 75 05 63 00 00 00 E1 51 6B 
00 00 01 00 03 10 00 71 00 03 00 05 00 04 DE 75 04 63 00 00 00 E1 52 6C 
00 00 01 00 02 10 00 71 00 01 00 05 00 02 D1 75 02 63 00 00 00 E2 47 6A 
00 00 01 00 03 10 00 71 00 01 00 05 00 03 DB 75 03 63 00 00 00 E2 51 6C 
00 00 01 00 03 10 00 71 00 02 00 05 00 06 E0 75 06 63 00 00 00 E2 47 6B 
00 00 01 00 03 10 00 71 00 02 00 05 00 05 E1 75 05 63 00 00 00 E2 52 6B 
00 00 01 00 03 10 00 71 00 03 00 05 00 04 DF 75 04 63 00 00 00 E2 51 6C 
00 00 01 00 03 10 00 71 00 01 00 05 00 03 DC 75 03 63 00 00 00 E3 51 6A 
00 00 01 00 02 10 00 71 00 01 00 05 00 02 D2 75 02 63 00 00 00 E3 46 69 
00 00 01 00 03 10 00 71 00 02 00 05 00 06 E1 75 06 63 00 00 00 E3 4E 6C 
00 00 01 00 03 10 00 71 00 02 00 05 00 05 E2 75 05 63 00 00 00 E3 54 6A 
00 00 01 00 03 10 00 71 00 03 00 05 00 04 E0 75 04 63 00 00 00 E3 55 6B 
00 00 01 00 02 10 00 71 00 01 00 05 00 02 D3 75 02 63 00 00 00 E4 46 6B 
00 00 01 00 03 10 00 71 00 01 00 05 00 03 DD 75 03 63 00 00 00 E4 51 6B 
00 00 01 00 03 10 00 71 00 02 00 05 00 06 E2 75 06 63 00 00 00 E4 4D 6A 
00 00 01 00 03 10 00 71 00 02 00 05 00 05 E3 75 05 63 00 00 00 E4 55 6C 
00 00 01 00 03 10 00 71 00 03 00 05 00 04 E1 75 04 63 00 00 00 E4 54 6C 
00 00 01 00 02 10 00 71 00 01 00 05 00 02 D4 75 02 63 00 00 00 E5 45 6C 
00 00 01 00 03 10 00 71 00 01 00 05 00 03 DE 75 03 63 00 00 00 E5 51 6C 
00 00 01 00 03 10 00 71 00 02 00 05 00 05 E4 75 05 63 00 00 00 E5 55 6C 
00 00 01 00 03 10 00 71 00 02 00 05 00 06 E3 75 06 63 00 00 00 E5 4D 6B 
00 00 01 00 03 10 00 71 00 03 00 05 00 04 E2 75 04 63 00 00 00 E5 53 6B 
00 00 01 00 02 10 00 71 00 01 00 05 00 02 D5 75 02 63 00 00 00 E6 45 6B 
00 00 01 00 03 10 00 71 00 01 00 05 00 03 DF 75 03 63 00 00 00 E6 50 6B 
00 00 01 00 03 10 00 71 00 02 00 05 00 06 E4 75 06 63 00 00 00 E6 4B 6A 
00 00 01 00 03 10 00 71 00 03 00 05 00 04 E3 75 04 63 00 00 00 E6 54 6C 
00 00 01 00 03 10 00 71 00 01 00 05 00 03 E0 75 03 63 00 00 00 E7 51 6B 
00 00 01 00 02 10 00 71 00 01 00 05 00 02 D6 75 02 63 00 00 00 E7 46 6B 
00 00 01 00 03 10 00 71 00 02 00 05 00 06 E5 75 06 63 00 00 00 E7 4D 6B 
00 00 01 00 02 10 00 71 00 01 00 05 00 02 D6 75 02 63 00 00 00 E7 46 6B 
00 00 01 00 03 10 00 71 00 02 00 05 00 05 E6 75 05 63 00 00 00 E7 52 6B 
00 00 01 00 03 10 00 71 00 03 00 05 00 04 E4 75 04 63 00 00 00 E7 53 6C 
00 00 01 00 03 10 00 71 00 01 00 05 00 03 E1 75 03 63 00 00 00 E8 4F 6B 
00 00 01 00 02 10 00 71 00 01 00 05 00 02 D7 75 02 63 00 00 00 E8 41 6B 
00 00 01 00 03 10 00 71 00 02 00 05 00 06 E6 75 06 63 00 00 00 E8 4D 6C 
00 00 01 00 03 10 00 71 00 02 00 05 00 05 E7 75 05 63 00 00 00 E8 52 6B 
00 00 01 00 03 10 00 71 00 03 00 05 00 04 E5 75 04 63 00 00 00 E8 53 6C 
00 00 01 00 02 10 00 71 00 01 00 05 00 02 D8 75 02 63 00 00 00 E9 39 65 
00 00 01 00 03 10 00 71 00 01 00 05 00 03 E2 75 03 63 00 00 00 E9 4F 69 
00 00 01 00 03 10 00 71 00 02 00 05 00 05 E8 75 05 63 00 00 00 E9 52 6C 
00 00 01 00 03 10 00 71 00 02 00 05 00 06 E7 75 06 63 00 00 00 E9 4B 6A 
00 00 01 00 03 10 00 71 00 03 00 05 00 04 E6 75 04 63 00 00 00 E9 53 6B 
00 00 01 00 02 10 00 71 00 01 00 05 00 02 D9 75 02 63 00 00 00 EA 41 69 
00 00 01 00 03 10 00 71 00 01 00 05 00 03 E3 75 03 63 00 00 00 EA 50 6B 
00 00 01 00 03 10 00 71 00 02 00 05 00 06 E8 75 06 63 00 00 00 EA 4C 6A 
00 00 01 00 03 10 00 71 00 02 00 05 00 05 E9 75 05 63 00 00 00 EA 51 6B 
00 00 01 00 03 10 00 71 00 03 00 05 00 04 E7 75 04 63 00 00 00 EA 54 6C 
00 00 01 00 03 10 00 71 00 01 00 05 00 03 E4 75 03 63 00 00 00 EB 51 6A 
00 00 01 00 03 10 00 71 00 02 00 05 00 05 EA 75 05 63 00 00 00 EB 53 6B 
00 00 01 00 03 10 00 71 00 02 00 05 00 06 E9 75 06 63 00 00 00 EB 4D 6B 
00 00 01 00 03 10 00 71 00 03 00 05 00 04 E8 75 04 63 00 00 00 EB 53 6B 
00 00 01 00 03 10 00 71 00 01 00 05 00 03 E5 75 03 63 00 00 00 EC 4E 6B 
00 00 01 00 02 10 00 71 00 01 00 05 00 02 DA 75 02 63 00 00 00 EC 39 65 
00 00 01 00 03 10 00 71 00 02 00 05 00 05 EB 75 05 63 00 00 00 EC 52 6B 
00 00 01 00 03 10 00 71 00 02 00 05 00 06 EA 75 06 63 00 00 00 EC 4F 6C 
00 00 01 00 03 10 00 71 00 03 00 05 00 04 E9 75 04 63 00 00 00 EC 4F 6C 
00 00 01 00 02 10 00 71 00 01 00 05 00 02 DB 75 02 63 00 00 00 ED 47 6C 
00 00 01 00 03 10 00 71 00 01 00 05 00 03 E6 75 03 63 00 00 00 ED 4F 6B 
00 00 01 00 03 10 00 71 00 02 00 05 00 05 EC 75 05 63 00 00 00 ED 53 6B 
00 00 01 00 03 10 00 71 00 02 00 05 00 06 EB 75 06 63 00 00 00 ED 4F 6B 
00 00 01 00 03 10 00 71 00 03 00 05 00 04 EA 75 04 63 00 00 00 ED 4F 6C 
00 00 01 00 02 10 00 71 00 01 00 05 00 02 DC 75 02 63 00 00 00 EE 4B 6A 
00 00 01 00 03 10 00 71 00 01 00 05 00 03 E7 75 03 63 00 00 00 EE 51 6C 
00 00 01 00 03 10 00 71 00 02 00 05 00 06 EC 75 06 63 00 00 00 EE 4C 6B 
00 00 01 00 03 10 00 71 00 02 00 05 00 05 ED 75 05 63 00 00 00 EE 53 6B 
00 00 01 00 03 10 00 71 00 03 00 05 00 04 EB 75 04 63 00 00 00 EE 53 6B 
00 00 01 00 03 10 00 71 00 01 00 05 00 03 E8 75 03 63 00 00 00 EF 4F 69 
00 00 01 00 02 10 00 71 00 01 00 05 00 02 DD 75 02 63 00 00 00 EF 47 6C 
00 00 01 00 03 10 00 71 00 02 00 05 00 06 ED 75 06 63 00 00 00 EF 4C 6C 
00 00 01 00 03 10 00 71 00 02 00 05 00 05 EE 75 05 63 00 00 00 EF 55 6C 
00 00 01 00 03 10 00 71 00 03 00 05 00 04 EC 75 04 63 00 00 00 EF 54 6C 
00 00 01 00 02 10 00 71 00 01 00 05 00 02 DE 75 02 63 00 00 00 F0 47 6A 
00 00 01 00 03 10 00 71 00 01 00 05 00 03 E9 75 03 63 00 00 00 F0 50 6C 
00 00 01 00 03 10 00 71 00 02 00 05 00 06 EE 75 06 63 00 00 00 F0 4C 6B 
00 00 01 00 03 10 00 71 00 02 00 05 00 05 EF 75 05 63 00 00 00 F0 53 6B 
00 00 01 00 03 10 00 71 00 03 00 05 00 04 ED 75 04 63 00 00 00 F0 55 6C 
00 00 01 00 02 10 00 71 00 01 00 05 00 02 DF 75 02 63 00 00 00 F1 4B 6C 
00 00 01 00 03 10 00 71 00 01 00 05 00 03 EA 75 03 63 00 00 00 F1 4F 6B 
00 00 01 00 03 10 00 71 00 02 00 05 00 06 EF 75 06 63 00 00 00 F1 48 6A 
00 00 01 00 03 10 00 71 00 02 00 05 00 05 F0 75 05 63 00 00 00 F1 53 6B 
00 00 01 00 03 10 00 71 00 03 00 05 00 04 EE 75 04 63 00 00 00 F1 59 6C 
00 00 01 00 02 10 00 71 00 01 00 05 00 02 E0 75 02 63 00 00 00 F2 4B 67 
00 00 01 00 03 10 00 71 00 01 00 05 00 03 EB 75 03 63 00 00 00 F2 4E 6A 
00 00 01 00 03 10 00 71 00 02 00 05 00 06 F0 75 06 63 00 00 00 F2 45 6A 
00 00 01 00 03 10 00 71 00 02 00 05 00 05 F1 75 05 63 00 00 00 F2 53 6B 
00 00 01 00 03 10 00 71 00 03 00 05 00 04 EF 75 04 63 00 00 00 F2 55 6B 
00 00 01 00 02 10 00 71 00 01 00 05 00 02 E1 75 02 63 00 00 00 F3 47 6B 
00 00 01 00 03 10 00 71 00 01 00 05 00 03 EC 75 03 63 00 00 00 F3 4B 6C 
00 00 01 00 03 10 00 71 00 02 00 05 00 06 F1 75 06 63 00 00 00 F3 47 6A 
00 00 01 00 03 10 00 71 00 02 00 05 00 05 F2 75 05 63 00 00 00 F3 50 6C 
00 00 01 00 03 10 00 71 00 03 00 05 00 04 F0 75 04 63 00 00 00 F3 55 6B 
00 00 01 00 02 10 00 71 00 01 00 05 00 02 E2 75 02 63 00 00 00 F4 44 6B 
00 00 01 00 03 10 00 71 00 01 00 05 00 03 ED 75 03 63 00 00 00 F4 50 6A 
00 00 01 00 03 10 00 71 00 02 00 05 00 06 F2 75 06 63 00 00 00 F4 4F 6C 
00 00 01 00 03 10 00 71 00 02 00 05 00 05 F3 75 05 63 00 00 00 F4 55 6B 
00 00 01 00 03 10 00 71 00 03 00 05 00 04 F1 75 04 63 00 00 00 F4 51 6B 
00 00 01 00 02 10 00 71 00 01 00 05 00 02 E3 75 02 63 00 00 00 F5 3F 69 
00 00 01 00 03 10 00 71 00 01 00 05 00 03 EE 75 03 63 00 00 00 F5 4E 6A 
00 00 01 00 03 10 00 71 00 02 00 05 00 06 F3 75 06 63 00 00 00 F5 4D 6A 
00 00 01 00 03 10 00 71 00 02 00 05 00 05 F4 75 05 63 00 00 00 F5 53 6C 
00 00 01 00 03 10 00 71 00 03 00 05 00 04 F2 75 04 63 00 00 00 F5 55 6C 
00 00 01 00 02 10 00 71 00 01 00 05 00 02 E4 75 02 63 00 00 00 F6 40 69 
00 00 01 00 03 10 00 71 00 01 00 05 00 03 EF 75 03 63 00 00 00 F6 4E 6A 
00 00 01 00 03 10 00 71 00 02 00 05 00 06 F4 75 06 63 00 00 00 F6 4B 6C 
00 00 01 00 03 10 00 71 00 02 00 05 00 05 F5 75 05 63 00 00 00 F6 53 6A 
00 00 01 00 03 10 00 71 00 03 00 05 00 04 F3 75 04 63 00 00 00 F6 55 6C 
00 00 01 00 03 10 00 71 00 01 00 05 00 03 F0 75 03 63 00 00 00 F7 4E 6A 
00 00 01 00 02 10 00 71 00 01 00 05 00 02 E5 75 02 63 00 00 00 F7 43 6C 
00 00 01 00 03 10 00 71 00 02 00 05 00 05 F6 75 05 63 00 00 00 F7 51 6C 
00 00 01 00 03 10 00 71 00 02 00 05 00 06 F5 75 06 63 00 00 00 F7 4D 6B 
00 00 01 00 03 10 00 71 00 03 00 05 00 04 F4 75 04 63 00 00 00 F7 55 6C 
00 00 01 00 02 10 00 71 00 01 00 05 00 02 E6 75 02 63 00 00 00 F8 41 6A 
00 00 01 00 03 10 00 71 00 01 00 05 00 03 F1 75 03 63 00 00 00 F8 4E 69 
00 00 01 00 03 10 00 71 00 02 00 05 00 06 F6 75 06 63 00 00 00 F8 4E 6A 
00 00 01 00 03 10 00 71 00 03 00 05 00 04 F5 75 04 63 00 00 00 F8 57 6C 
00 00 01 00 03 10 00 71 00 02 00 05 00 05 F7 75 05 63 00 00 00 F8 53 6B 
00 00 01 00 03 10 00 71 00 01 00 05 00 03 F2 75 03 63 00 00 00 F9 51 68 
00 00 01 00 02 10 00 71 00 01 00 05 00 02 E7 75 02 63 00 00 00 F9 42 6A 
00 00 01 00 03 10 00 71 00 02 00 05 00 06 F7 75 06 63 00 00 00 F9 4B 6B 
00 00 01 00 03 10 00 71 00 02 00 05 00 05 F8 75 05 63 00 00 00 F9 4F 6C 
00 00 01 00 03 10 00 71 00 03 00 05 00 04 F6 75 04 63 00 00 00 F9 55 6C 
00 00 01 00 02 10 00 71 00 01 00 05 00 02 E8 75 02 63 00 00 00 FA 43 6B 
00 00 01 00 03 10 00 71 00 01 00 05 00 03 F3 75 03 63 00 00 00 FA 52 6B 
00 00 01 00 03 10 00 71 00 02 00 05 00 06 F8 75 06 63 00 00 00 FA 4C 6B 
00 00 01 00 03 10 00 71 00 02 00 05 00 05 F9 75 05 63 00 00 00 FA 4E 6C 
00 00 01 00 03 10 00 71 00 03 00 05 00 04 F7 75 04 63 00 00 00 FA 55 6C 
00 00 01 00 03 10 00 71 00 01 00 05 00 03 F4 75 03 63 00 00 00 FB 50 6A 
00 00 01 00 02 10 00 71 00 01 00 05 00 02 E9 75 02 63 00 00 00 FB 42 6C 
00 00 01 00 03 10 00 71 00 02 00 05 00 05 FA 75 05 63 00 00 00 FB 50 6C 
00 00 01 00 02 10 00 71 00 01 00 05 00 02 E9 75 02 63 00 00 00 FB 42 6C 
00 00 01 00 02 10 00 71 00 01 00 05 00 02 E9 75 02 63 00 00 00 FB 42 6C 
00 00 01 00 03 10 00 71 00 02 00 05 00 06 F9 75 06 63 00 00 00 FB 4D 6C 
00 00 01 00 03 10 00 71 00 03 00 05 00 04 F8 75 04 63 00 00 00 FB 55 6C 
00 00 01 00 03 10 00 71 00 01 00 05 00 03 F5 75 03 63 00 00 00 FC 52 6B 
00 00 01 00 02 10 00 71 00 01 00 05 00 02 EA 75 02 63 00 00 00 FC 3B 69 
00 00 01 00 03 10 00 71 00 02 00 05 00 06 FA 75 06 63 00 00 00 FC 4D 6B 
00 00 01 00 02 10 00 71 00 01 00 05 00 02 EA 75 02 63 00 00 00 FC 3B 69 
00 00 01 00 03 10 00 71 00 02 00 05 00 05 FB 75 05 63 00 00 00 FC 4F 6B 
00 00 01 00 03 10 00 71 00 03 00 05 00 04 F9 75 04 63 00 00 00 FC 55 6C 
00 00 01 00 03 10 00 71 00 01 00 05 00 03 F6 75 03 63 00 00 00 FD 51 6C 
00 00 01 00 02 10 00 71 00 01 00 05 00 02 EB 75 02 63 00 00 00 FD 37 61 
00 00 01 00 03 10 00 71 00 02 00 05 00 06 FB 75 06 63 00 00 00 FD 4D 6C 
00 00 01 00 03 10 00 71 00 02 00 05 00 05 FC 75 05 63 00 00 00 FD 4E 6C 
00 00 01 00 03 10 00 71 00 03 00 05 00 04 FA 75 04 63 00 00 00 FD 55 6C 
00 00 01 00 03 10 00 71 00 01 00 05 00 03 F7 75 03 63 00 00 00 FE 51 6A 
00 00 01 00 03 10 00 71 00 02 00 05 00 05 FD 75 05 63 00 00 00 FE 4E 6B 
00 00 01 00 02 10 00 71 00 01 00 05 00 02 EC 75 02 63 00 00 00 FE 3F 6C 
00 00 01 00 03 10 00 71 00 02 00 05 00 06 FC 75 06 63 00 00 00 FE 4D 6A 
00 00 01 00 03 10 00 71 00 03 00 05 00 04 FB 75 04 63 00 00 00 FE 55 6C 
00 00 01 00 02 10 00 71 00 01 00 05 00 02 ED 75 02 63 00 00 00 FF 3C 6A 
00 00 01 00 03 10 00 71 00 01 00 05 00 03 F8 75 03 63 00 00 00 FF 52 68 
00 00 01 00 03 10 00 71 00 02 00 05 00 06 FD 75 06 63 00 00 00 FF 4D 6C 
00 00 01 00 03 10 00 71 00 03 00 05 00 04 FC 75 04 63 00 00 00 FF 54 6C 
00 00 01 00 03 10 00 71 00 02 00 05 00 05 FE 75 05 63 00 00 00 FF 4E 6C 
00 00 01 00 03 10 00 71 00 01 00 05 00 03 F9 75 03 63 00 00 01 00 51 6A 
00 00 01 00 02 10 00 71 00 01 00 05 00 02 EE 75 02 63 00 00 01 00 36 4B 
00 00 01 00 03 10 00 71 00 02 00 05 00 05 FF 75 05 63 00 00 01 00 4E 6C 
00 00 01 00 03 10 00 71 00 02 00 05 00 06 FE 75 06 63 00 00 01 00 4D 6B 
00 00 01 00 03 10 00 71 00 03 00 05 00 04 FD 75 04 63 00 00 01 00 53 6C 
00 00 01 00 02 10 00 71 00 01 00 05 00 02 EF 75 02 63 00 00 01 01 3D 6A 
00 00 01 00 03 10 00 71 00 01 00 05 00 03 FA 75 03 63 00 00 01 01 52 6A 
00 00 01 00 03 10 00 71 00 02 00 05 00 06 FF 75 06 63 00 00 01 01 4F 6B 
00 00 01 00 03 10 00 71 00 03 00 05 00 04 FE 75 04 63 00 00 01 01 53 6C 
00 00 01 00 03 10 00 71 00 02 00 05 00 05 00 75 05 63 00 00 01 01 4F 6B 
00 00 01 00 02 10 00 71 00 01 00 05 00 02 F0 75 02 63 00 00 01 02 3F 69 
00 00 01 00 03 10 00 71 00 01 00 05 00 03 FB 75 03 63 00 00 01 02 51 68 
00 00 01 00 03 10 00 71 00 02 00 05 00 05 01 75 05 63 00 00 01 02 51 6C 
00 00 01 00 03 10 00 71 00 02 00 05 00 06 00 75 06 63 00 00 01 02 4E 6C 
00 00 01 00 03 10 00 71 00 03 00 05 00 04 FF 75 04 63 00 00 01 02 53 6C 
00 00 01 00 03 10 00 71 00 01 00 05 00 03 FC 75 03 63 00 00 01 03 50 69 
00 00 01 00 02 10 00 71 00 01 00 05 00 02 F1 75 02 63 00 00 01 03 41 6C 
00 00 01 00 03 10 00 71 00 02 00 05 00 06 01 75 06 63 00 00 01 03 4D 6C 
00 00 01 00 03 10 00 71 00 02 00 05 00 05 02 75 05 63 00 00 01 03 50 6C 
00 00 01 00 03 10 00 71 00 03 00 05 00 04 00 75 04 63 00 00 01 03 53 6C 
