00 00 01 00 03 10 00 71 00 01 00 05 00 03 39 75 03 63 00 00 02 4D 40 6B 
00 00 01 00 02 10 00 71 00 01 00 05 00 02 3B 75 02 63 00 00 02 4D 4A 6C 
00 00 01 00 02 10 00 71 00 01 00 05 00 02 3B 75 02 63 00 00 02 4D 4A 6C 
00 00 01 00 03 10 00 71 00 03 00 05 00 04 44 75 04 63 00 00 02 4D 51 6B 
00 00 01 00 03 10 00 71 00 01 00 05 00 03 3A 75 03 63 00 00 02 4E 40 69 
00 00 01 00 02 10 00 71 00 01 00 05 00 02 49 75 02 63 00 00 02 5B 49 6C 
00 00 01 00 03 10 00 71 00 01 00 09 00 03 47 75 03 63 00 00 02 5B 4C 6B 
00 00 01 00 03 10 00 71 00 02 00 08 00 05 59 75 05 63 00 00 02 5B 54 6B 
00 00 01 00 03 10 00 71 00 02 00 08 00 06 59 75 06 63 00 00 02 5B 4D 6A 
00 00 01 00 03 10 00 71 00 03 00 08 00 04 52 75 04 63 00 00 02 5B 4F 6B 
00 00 01 00 02 10 00 71 00 01 00 05 00 02 4A 75 02 63 00 00 02 5C 47 6A 
00 00 01 00 03 10 00 71 00 01 00 08 00 03 48 75 03 63 00 00 02 5C 45 6A 
00 00 01 00 03 10 00 71 00 02 00 07 00 05 5A 75 05 63 00 00 02 5C 53 6C 
00 00 01 00 03 10 00 71 00 02 00 07 00 06 5A 75 06 63 00 00 02 5C 4D 6B 
00 00 01 00 03 10 00 71 00 03 00 07 00 04 53 75 04 63 00 00 02 5C 53 6C 
00 00 01 00 02 10 00 71 00 01 00 05 00 02 4B 75 02 63 00 00 02 5D 43 6B 
00 00 01 00 03 10 00 71 00 01 00 07 00 03 49 75 03 63 00 00 02 5D 3D 62 
00 00 01 00 03 10 00 71 00 02 00 07 00 05 5B 75 05 63 00 00 02 5D 51 6C 
00 00 01 00 03 10 00 71 00 02 00 07 00 06 5B 75 06 63 00 00 02 5D 50 6B 
00 00 01 00 03 10 00 71 00 03 00 07 00 04 54 75 04 63 00 00 02 5D 53 6C 
00 00 01 00 02 10 00 71 00 01 00 05 00 02 4C 75 02 63 00 00 02 5E 45 6A 
00 00 01 00 03 10 00 71 00 01 00 07 00 03 4A 75 03 63 00 00 02 5E 46 69 
00 00 01 00 03 10 00 71 00 02 00 07 00 06 5C 75 06 63 00 00 02 5E 4E 6A 
00 00 01 00 03 10 00 71 00 03 00 07 00 04 55 75 04 63 00 00 02 5E 53 6B 
00 00 01 00 03 10 00 71 00 02 00 07 00 05 5C 75 05 63 00 00 02 5E 51 6C 
00 00 01 00 02 10 00 71 00 01 00 05 00 02 4D 75 02 63 00 00 02 5F 47 6A 
00 00 01 00 03 10 00 71 00 01 00 07 00 03 4B 75 03 63 00 00 02 5F 45 6A 
00 00 01 00 03 10 00 71 00 02 00 07 00 05 5D 75 05 63 00 00 02 5F 52 6B 
00 00 01 00 03 10 00 71 00 02 00 07 00 06 5D 75 06 63 00 00 02 5F 4F 6A 
00 00 01 00 03 10 00 71 00 03 00 07 00 04 56 75 04 63 00 00 02 5F 52 6B 
00 00 01 00 03 10 00 71 00 01 00 07 00 03 4C 75 03 63 00 00 02 60 4A 6B 
00 00 01 00 02 10 00 71 00 01 00 05 00 02 4E 75 02 63 00 00 02 60 45 6A 
00 00 01 00 03 10 00 71 00 02 00 07 00 06 5E 75 06 63 00 00 02 60 50 6C 
00 00 01 00 02 10 00 71 00 01 00 05 00 02 4E 75 02 63 00 00 02 60 45 6A 
00 00 01 00 03 10 00 71 00 02 00 06 00 05 5E 75 05 63 00 00 02 60 50 6B 
00 00 01 00 03 10 00 71 00 03 00 06 00 04 57 75 04 63 00 00 02 60 52 6C 
00 00 01 00 03 10 00 71 00 01 00 06 00 03 4D 75 03 63 00 00 02 61 4B 68 
00 00 01 00 02 10 00 71 00 01 00 05 00 02 4F 75 02 63 00 00 02 61 3F 69 
00 00 01 00 03 10 00 71 00 02 00 06 00 05 5F 75 05 63 00 00 02 61 55 6B 
00 00 01 00 03 10 00 71 00 02 00 06 00 06 5F 75 06 63 00 00 02 61 4E 6B 
00 00 01 00 03 10 00 71 00 03 00 05 00 04 58 75 04 63 00 00 02 61 51 6C 
00 00 01 00 03 10 00 71 00 01 00 05 00 03 4E 75 03 63 00 00 02 62 4B 6A 
00 00 01 00 02 10 00 71 00 01 00 05 00 02 50 75 02 63 00 00 02 62 46 6A 
00 00 01 00 03 10 00 71 00 02 00 05 00 06 60 75 06 63 00 00 02 62 4B 6C 
00 00 01 00 03 10 00 71 00 03 00 05 00 04 59 75 04 63 00 00 02 62 53 6C 
00 00 01 00 03 10 00 71 00 02 00 05 00 05 60 75 05 63 00 00 02 62 51 6C 
00 00 01 00 03 10 00 71 00 01 00 05 00 03 4F 75 03 63 00 00 02 63 41 6A 
00 00 01 00 02 10 00 71 00 01 00 05 00 02 51 75 02 63 00 00 02 63 45 6C 
00 00 01 00 03 10 00 71 00 02 00 05 00 06 61 75 06 63 00 00 02 63 4B 6C 
00 00 01 00 03 10 00 71 00 02 00 05 00 05 61 75 05 63 00 00 02 63 52 6B 
00 00 01 00 03 10 00 71 00 03 00 05 00 04 5A 75 04 63 00 00 02 63 51 6C 
00 00 01 00 03 10 00 71 00 01 00 05 00 03 50 75 03 63 00 00 02 64 48 6B 
00 00 01 00 02 10 00 71 00 01 00 05 00 02 52 75 02 63 00 00 02 64 47 69 
00 00 01 00 03 10 00 71 00 02 00 05 00 05 62 75 05 63 00 00 02 64 50 6B 
00 00 01 00 03 10 00 71 00 02 00 05 00 06 62 75 06 63 00 00 02 64 47 6C 
00 00 01 00 03 10 00 71 00 03 00 05 00 04 5B 75 04 63 00 00 02 64 4E 6B 
00 00 01 00 03 10 00 71 00 01 00 05 00 03 51 75 03 63 00 00 02 65 4B 6B 
00 00 01 00 02 10 00 71 00 01 00 05 00 02 53 75 02 63 00 00 02 65 45 6C 
00 00 01 00 03 10 00 71 00 02 00 05 00 06 63 75 06 63 00 00 02 65 47 6B 
00 00 01 00 03 10 00 71 00 02 00 05 00 05 63 75 05 63 00 00 02 65 51 6C 
00 00 01 00 03 10 00 71 00 03 00 05 00 04 5C 75 04 63 00 00 02 65 4F 6C 
00 00 01 00 03 10 00 71 00 01 00 05 00 03 52 75 03 63 00 00 02 66 49 6B 
00 00 01 00 02 10 00 71 00 01 00 05 00 02 54 75 02 63 00 00 02 66 45 6C 
00 00 01 00 03 10 00 71 00 02 00 05 00 05 64 75 05 63 00 00 02 66 51 6C 
00 00 01 00 03 10 00 71 00 02 00 05 00 06 64 75 06 63 00 00 02 66 43 6C 
00 00 01 00 03 10 00 71 00 03 00 05 00 04 5D 75 04 63 00 00 02 66 4D 6C 
00 00 01 00 02 10 00 71 00 01 00 05 00 02 55 75 02 63 00 00 02 67 46 6A 
00 00 01 00 03 10 00 71 00 01 00 05 00 03 53 75 03 63 00 00 02 67 48 6B 
00 00 01 00 03 10 00 71 00 02 00 05 00 06 65 75 06 63 00 00 02 67 45 6C 
00 00 01 00 03 10 00 71 00 03 00 05 00 04 5E 75 04 63 00 00 02 67 4D 6C 
00 00 01 00 03 10 00 71 00 02 00 05 00 05 65 75 05 63 00 00 02 67 51 6B 
00 00 01 00 02 10 00 71 00 01 00 05 00 02 56 75 02 63 00 00 02 68 47 6C 
00 00 01 00 03 10 00 71 00 01 00 05 00 03 54 75 03 63 00 00 02 68 47 6A 
00 00 01 00 03 10 00 71 00 02 00 05 00 06 66 75 06 63 00 00 02 68 47 6B 
00 00 01 00 03 10 00 71 00 03 00 05 00 04 5F 75 04 63 00 00 02 68 4E 6C 
00 00 01 00 03 10 00 71 00 02 00 05 00 05 66 75 05 63 00 00 02 68 51 6B 
00 00 01 00 03 10 00 71 00 01 00 05 00 03 55 75 03 63 00 00 02 69 46 6B 
00 00 01 00 02 10 00 71 00 01 00 05 00 02 57 75 02 63 00 00 02 69 47 6B 
00 00 01 00 03 10 00 71 00 02 00 05 00 06 67 75 06 63 00 00 02 69 47 6B 
00 00 01 00 03 10 00 71 00 02 00 05 00 05 67 75 05 63 00 00 02 69 51 6C 
00 00 01 00 03 10 00 71 00 03 00 05 00 04 60 75 04 63 00 00 02 69 4F 6C 
00 00 01 00 03 10 00 71 00 01 00 05 00 03 56 75 03 63 00 00 02 6A 44 6B 
00 00 01 00 02 10 00 71 00 01 00 05 00 02 58 75 02 63 00 00 02 6A 47 6C 
00 00 01 00 03 10 00 71 00 02 00 05 00 06 68 75 06 63 00 00 02 6A 48 6C 
00 00 01 00 03 10 00 71 00 02 00 05 00 05 68 75 05 63 00 00 02 6A 50 6C 
00 00 01 00 03 10 00 71 00 03 00 05 00 04 61 75 04 63 00 00 02 6A 4E 6B 
00 00 01 00 03 10 00 71 00 01 00 05 00 03 57 75 03 63 00 00 02 6B 47 6C 
00 00 01 00 03 10 00 71 00 02 00 05 00 05 69 75 05 63 00 00 02 6B 51 6B 
00 00 01 00 02 10 00 71 00 01 00 05 00 02 59 75 02 63 00 00 02 6B 47 6C 
00 00 01 00 03 10 00 71 00 02 00 05 00 06 69 75 06 63 00 00 02 6B 47 6C 
00 00 01 00 03 10 00 71 00 03 00 05 00 04 62 75 04 63 00 00 02 6B 4E 6C 
00 00 01 00 03 10 00 71 00 01 00 05 00 03 58 75 03 63 00 00 02 6C 46 6B 
00 00 01 00 02 10 00 71 00 01 00 05 00 02 5A 75 02 63 00 00 02 6C 47 6B 
00 00 01 00 03 10 00 71 00 02 00 05 00 06 6A 75 06 63 00 00 02 6C 43 6B 
00 00 01 00 03 10 00 71 00 03 00 05 00 04 63 75 04 63 00 00 02 6C 4E 6C 
00 00 01 00 03 10 00 71 00 02 00 05 00 05 6A 75 05 63 00 00 02 6C 50 6C 
00 00 01 00 02 10 00 71 00 01 00 05 00 02 5B 75 02 63 00 00 02 6D 47 6B 
00 00 01 00 03 10 00 71 00 01 00 05 00 03 59 75 03 63 00 00 02 6D 46 69 
00 00 01 00 03 10 00 71 00 01 00 09 00 03 59 75 03 63 00 00 02 6D 46 69 
00 00 01 00 03 10 00 71 00 02 00 09 00 06 6B 75 06 63 00 00 02 6D 45 69 
00 00 01 00 03 10 00 71 00 03 00 09 00 04 64 75 04 63 00 00 02 6D 4E 6C 
00 00 01 00 03 10 00 71 00 02 00 09 00 05 6B 75 05 63 00 00 02 6D 51 6C 
00 00 01 00 02 10 00 71 00 01 00 05 00 02 5C 75 02 63 00 00 02 6E 47 6B 
00 00 01 00 03 10 00 71 00 01 00 08 00 03 5A 75 03 63 00 00 02 6E 45 6B 
00 00 01 00 03 10 00 71 00 02 00 08 00 06 6C 75 06 63 00 00 02 6E 47 6B 
00 00 01 00 03 10 00 71 00 03 00 09 00 04 65 75 04 63 00 00 02 6E 4E 6C 
00 00 01 00 03 10 00 71 00 03 00 09 00 04 65 75 04 63 00 00 02 6E 4E 6C 
00 00 01 00 03 10 00 71 00 02 00 09 00 05 6C 75 05 63 00 00 02 6E 51 6C 
00 00 01 00 03 10 00 71 00 01 00 09 00 03 5B 75 03 63 00 00 02 6F 44 6A 
00 00 01 00 02 10 00 71 00 01 00 05 00 02 5D 75 02 63 00 00 02 6F 47 6C 
00 00 01 00 03 10 00 71 00 02 00 09 00 05 6D 75 05 63 00 00 02 6F 51 6B 
00 00 01 00 02 10 00 71 00 01 00 05 00 02 5D 75 02 63 00 00 02 6F 47 6C 
00 00 01 00 03 10 00 71 00 02 00 09 00 05 6D 75 05 63 00 00 02 6F 51 6B 
00 00 01 00 03 10 00 71 00 02 00 09 00 05 6D 75 05 63 00 00 02 6F 51 6B 
00 00 01 00 03 10 00 71 00 02 00 09 00 06 6D 75 06 63 00 00 02 6F 48 6C 
00 00 01 00 03 10 00 71 00 03 00 0A 00 04 66 75 04 63 00 00 02 6F 4F 6C 
00 00 01 00 02 10 00 71 00 01 00 05 00 02 5E 75 02 63 00 00 02 70 46 6B 
00 00 01 00 03 10 00 71 00 01 00 0A 00 03 5C 75 03 63 00 00 02 70 43 6B 
00 00 01 00 03 10 00 71 00 02 00 0A 00 05 6E 75 05 63 00 00 02 70 51 6C 
00 00 01 00 03 10 00 71 00 02 00 0A 00 06 6E 75 06 63 00 00 02 70 49 6C 
00 00 01 00 03 10 00 71 00 03 00 0A 00 04 67 75 04 63 00 00 02 70 4D 6C 
00 00 01 00 02 10 00 71 00 01 00 05 00 02 5F 75 02 63 00 00 02 71 47 6A 
00 00 01 00 03 10 00 71 00 01 00 09 00 03 5D 75 03 63 00 00 02 71 46 6A 
00 00 01 00 03 10 00 71 00 02 00 09 00 05 6F 75 05 63 00 00 02 71 52 6C 
00 00 01 00 03 10 00 71 00 02 00 09 00 06 6F 75 06 63 00 00 02 71 48 6B 
00 00 01 00 03 10 00 71 00 03 00 09 00 04 68 75 04 63 00 00 02 71 4D 6B 
00 00 01 00 03 10 00 71 00 01 00 08 00 03 5E 75 03 63 00 00 02 72 46 6B 
00 00 01 00 02 10 00 71 00 01 00 05 00 02 60 75 02 63 00 00 02 72 47 69 
00 00 01 00 03 10 00 71 00 02 00 08 00 05 70 75 05 63 00 00 02 72 53 6C 
00 00 01 00 03 10 00 71 00 02 00 08 00 06 70 75 06 63 00 00 02 72 47 6B 
00 00 01 00 03 10 00 71 00 03 00 08 00 04 69 75 04 63 00 00 02 72 4D 6C 
00 00 01 00 02 10 00 71 00 01 00 05 00 02 61 75 02 63 00 00 02 73 47 6C 
00 00 01 00 03 10 00 71 00 01 00 08 00 03 5F 75 03 63 00 00 02 73 45 6B 
00 00 01 00 03 10 00 71 00 02 00 07 00 06 71 75 06 63 00 00 02 73 48 6C 
00 00 01 00 03 10 00 71 00 02 00 07 00 05 71 75 05 63 00 00 02 73 52 6C 
00 00 01 00 03 10 00 71 00 03 00 07 00 04 6A 75 04 63 00 00 02 73 4E 6C 
00 00 01 00 03 10 00 71 00 01 00 07 00 03 60 75 03 63 00 00 02 74 43 69 
00 00 01 00 02 10 00 71 00 01 00 05 00 02 62 75 02 63 00 00 02 74 47 6C 
00 00 01 00 03 10 00 71 00 02 00 07 00 05 72 75 05 63 00 00 02 74 51 6C 
00 00 01 00 03 10 00 71 00 02 00 06 00 06 72 75 06 63 00 00 02 74 4B 6B 
00 00 01 00 03 10 00 71 00 03 00 06 00 04 6B 75 04 63 00 00 02 74 4E 6C 
00 00 01 00 02 10 00 71 00 01 00 05 00 02 63 75 02 63 00 00 02 75 47 6C 
00 00 01 00 03 10 00 71 00 01 00 06 00 03 61 75 03 63 00 00 02 75 44 6B 
00 00 01 00 03 10 00 71 00 02 00 06 00 05 73 75 05 63 00 00 02 75 51 6B 
00 00 01 00 03 10 00 71 00 02 00 06 00 06 73 75 06 63 00 00 02 75 4B 6C 
00 00 01 00 03 10 00 71 00 03 00 05 00 04 6C 75 04 63 00 00 02 75 4F 6C 
00 00 01 00 03 10 00 71 00 01 00 05 00 03 62 75 03 63 00 00 02 76 45 6B 
00 00 01 00 02 10 00 71 00 01 00 05 00 02 64 75 02 63 00 00 02 76 46 6B 
00 00 01 00 03 10 00 71 00 02 00 05 00 06 74 75 06 63 00 00 02 76 4B 6C 
00 00 01 00 03 10 00 71 00 03 00 05 00 04 6D 75 04 63 00 00 02 76 4F 6C 
00 00 01 00 03 10 00 71 00 02 00 05 00 05 74 75 05 63 00 00 02 76 51 6C 
00 00 01 00 03 10 00 71 00 01 00 05 00 03 63 75 03 63 00 00 02 77 45 6B 
00 00 01 00 02 10 00 71 00 01 00 05 00 02 65 75 02 63 00 00 02 77 47 6C 
00 00 01 00 03 10 00 71 00 02 00 05 00 06 75 75 06 63 00 00 02 77 4B 6B 
00 00 01 00 03 10 00 71 00 02 00 05 00 05 75 75 05 63 00 00 02 77 50 6B 
00 00 01 00 03 10 00 71 00 03 00 05 00 04 6E 75 04 63 00 00 02 77 4E 6C 
00 00 01 00 02 10 00 71 00 01 00 05 00 02 66 75 02 63 00 00 02 78 45 6C 
00 00 01 00 03 10 00 71 00 01 00 05 00 03 64 75 03 63 00 00 02 78 46 6A 
00 00 01 00 02 10 00 71 00 01 00 05 00 02 66 75 02 63 00 00 02 78 45 6C 
00 00 01 00 03 10 00 71 00 02 00 05 00 05 76 75 05 63 00 00 02 78 51 6C 
00 00 01 00 03 10 00 71 00 02 00 05 00 06 76 75 06 63 00 00 02 78 4A 6C 
00 00 01 00 03 10 00 71 00 03 00 05 00 04 6F 75 04 63 00 00 02 78 4D 6B 
00 00 01 00 03 10 00 71 00 01 00 05 00 03 65 75 03 63 00 00 02 79 4C 6B 
00 00 01 00 03 10 00 71 00 02 00 05 00 06 77 75 06 63 00 00 02 79 4D 6C 
00 00 01 00 02 10 00 71 00 01 00 05 00 02 67 75 02 63 00 00 02 79 44 68 
00 00 01 00 03 10 00 71 00 02 00 05 00 05 77 75 05 63 00 00 02 79 53 6C 
00 00 01 00 03 10 00 71 00 03 00 05 00 04 70 75 04 63 00 00 02 79 52 6C 
00 00 01 00 02 10 00 71 00 01 00 05 00 02 68 75 02 63 00 00 02 7A 44 69 
00 00 01 00 03 10 00 71 00 01 00 05 00 03 66 75 03 63 00 00 02 7A 4C 69 
00 00 01 00 03 10 00 71 00 02 00 05 00 06 78 75 06 63 00 00 02 7A 4D 6C 
00 00 01 00 03 10 00 71 00 02 00 05 00 05 78 75 05 63 00 00 02 7A 55 6B 
00 00 01 00 03 10 00 71 00 03 00 05 00 04 71 75 04 63 00 00 02 7A 52 6C 
00 00 01 00 02 10 00 71 00 01 00 05 00 02 69 75 02 63 00 00 02 7B 44 6A 
00 00 01 00 03 10 00 71 00 01 00 05 00 03 67 75 03 63 00 00 02 7B 4B 6C 
00 00 01 00 03 10 00 71 00 02 00 05 00 05 79 75 05 63 00 00 02 7B 54 6B 
00 00 01 00 03 10 00 71 00 02 00 05 00 06 79 75 06 63 00 00 02 7B 4C 6C 
00 00 01 00 03 10 00 71 00 03 00 05 00 04 72 75 04 63 00 00 02 7B 52 6B 
00 00 01 00 03 10 00 71 00 01 00 05 00 03 68 75 03 63 00 00 02 7C 4B 6B 
00 00 01 00 02 10 00 71 00 01 00 05 00 02 6A 75 02 63 00 00 02 7C 45 6C 
00 00 01 00 03 10 00 71 00 02 00 05 00 05 7A 75 05 63 00 00 02 7C 55 6C 
00 00 01 00 03 10 00 71 00 02 00 05 00 06 7A 75 06 63 00 00 02 7C 4B 6C 
00 00 01 00 03 10 00 71 00 03 00 05 00 04 73 75 04 63 00 00 02 7C 52 6C 
00 00 01 00 03 10 00 71 00 01 00 05 00 03 69 75 03 63 00 00 02 7D 4B 6A 
00 00 01 00 02 10 00 71 00 01 00 05 00 02 6B 75 02 63 00 00 02 7D 47 6C 
00 00 01 00 03 10 00 71 00 02 00 05 00 05 7B 75 05 63 00 00 02 7D 53 6B 
00 00 01 00 03 10 00 71 00 02 00 05 00 06 7B 75 06 63 00 00 02 7D 4C 6B 
00 00 01 00 03 10 00 71 00 03 00 05 00 04 74 75 04 63 00 00 02 7D 53 6B 
00 00 01 00 02 10 00 71 00 01 00 05 00 02 6C 75 02 63 00 00 02 7E 45 6C 
00 00 01 00 03 10 00 71 00 01 00 05 00 03 6A 75 03 63 00 00 02 7E 4A 69 
00 00 01 00 03 10 00 71 00 02 00 05 00 05 7C 75 05 63 00 00 02 7E 55 6B 
00 00 01 00 03 10 00 71 00 02 00 05 00 06 7C 75 06 63 00 00 02 7E 4D 6A 
00 00 01 00 03 10 00 71 00 03 00 05 00 04 75 75 04 63 00 00 02 7E 53 6B 
00 00 01 00 03 10 00 71 00 01 00 05 00 03 6B 75 03 63 00 00 02 7F 4B 6A 
00 00 01 00 02 10 00 71 00 01 00 05 00 02 6D 75 02 63 00 00 02 7F 44 6A 
00 00 01 00 03 10 00 71 00 02 00 05 00 06 7D 75 06 63 00 00 02 7F 4D 6B 
00 00 01 00 03 10 00 71 00 03 00 05 00 04 76 75 04 63 00 00 02 7F 53 6C 
00 00 01 00 03 10 00 71 00 02 00 05 00 05 7D 75 05 63 00 00 02 7F 54 6B 
00 00 01 00 02 10 00 71 00 01 00 05 00 02 6E 75 02 63 00 00 02 80 43 6B 
00 00 01 00 03 10 00 71 00 01 00 05 00 03 6C 75 03 63 00 00 02 80 4C 6B 
00 00 01 00 03 10 00 71 00 02 00 05 00 05 7E 75 05 63 00 00 02 80 54 6B 
00 00 01 00 03 10 00 71 00 02 00 05 00 06 7E 75 06 63 00 00 02 80 4D 6C 
00 00 01 00 03 10 00 71 00 03 00 05 00 04 77 75 04 63 00 00 02 80 53 6C 
00 00 01 00 03 10 00 71 00 01 00 05 00 03 6D 75 03 63 00 00 02 81 4B 6B 
00 00 01 00 02 10 00 71 00 01 00 05 00 02 6F 75 02 63 00 00 02 81 45 6C 
00 00 01 00 03 10 00 71 00 01 00 05 00 03 6D 75 03 63 00 00 02 81 4B 6B 
00 00 01 00 03 10 00 71 00 02 00 05 00 06 7F 75 06 63 00 00 02 81 4D 6B 
00 00 01 00 03 10 00 71 00 02 00 05 00 06 7F 75 06 63 00 00 02 81 4D 6B 
00 00 01 00 03 10 00 71 00 03 00 05 00 04 78 75 04 63 00 00 02 81 53 6B 
00 00 01 00 03 10 00 71 00 03 00 05 00 04 78 75 04 63 00 00 02 81 53 6B 
00 00 01 00 03 10 00 71 00 02 00 05 00 05 7F 75 05 63 00 00 02 81 55 6A 
00 00 01 00 02 10 00 71 00 01 00 05 00 02 70 75 02 63 00 00 02 82 45 6B 
00 00 01 00 03 10 00 71 00 01 00 05 00 03 6E 75 03 63 00 00 02 82 49 6B 
00 00 01 00 03 10 00 71 00 01 00 05 00 03 6E 75 03 63 00 00 02 82 49 6B 
00 00 01 00 03 10 00 71 00 01 00 05 00 03 6E 75 03 63 00 00 02 82 49 6B 
00 00 01 00 03 10 00 71 00 02 00 06 00 06 80 75 06 63 00 00 02 82 4D 6C 
00 00 01 00 03 10 00 71 00 03 00 06 00 04 79 75 04 63 00 00 02 82 53 6C 
00 00 01 00 03 10 00 71 00 03 00 06 00 04 79 75 04 63 00 00 02 82 53 6C 
00 00 01 00 03 10 00 71 00 02 00 06 00 05 80 75 05 63 00 00 02 82 54 6C 
00 00 01 00 02 10 00 71 00 01 00 05 00 02 71 75 02 63 00 00 02 83 45 6C 
00 00 01 00 03 10 00 71 00 01 00 06 00 03 6F 75 03 63 00 00 02 83 4B 6B 
00 00 01 00 03 10 00 71 00 02 00 06 00 05 81 75 05 63 00 00 02 83 55 6A 
00 00 01 00 03 10 00 71 00 02 00 06 00 06 81 75 06 63 00 00 02 83 4C 6A 
00 00 01 00 03 10 00 71 00 03 00 06 00 04 7A 75 04 63 00 00 02 83 53 6B 
00 00 01 00 03 10 00 71 00 01 00 06 00 03 70 75 03 63 00 00 02 84 4A 6A 
00 00 01 00 02 10 00 71 00 01 00 05 00 02 72 75 02 63 00 00 02 84 43 6C 
00 00 01 00 03 10 00 71 00 02 00 06 00 06 82 75 06 63 00 00 02 84 4B 6B 
00 00 01 00 03 10 00 71 00 02 00 06 00 06 82 75 06 63 00 00 02 84 4B 6B 
00 00 01 00 03 10 00 71 00 02 00 06 00 05 82 75 05 63 00 00 02 84 55 6C 
00 00 01 00 03 10 00 71 00 03 00 06 00 04 7B 75 04 63 00 00 02 84 52 6C 
00 00 01 00 03 10 00 71 00 01 00 06 00 03 71 75 03 63 00 00 02 85 49 6B 
00 00 01 00 02 10 00 71 00 01 00 05 00 02 73 75 02 63 00 00 02 85 42 6B 
00 00 01 00 03 10 00 71 00 02 00 06 00 06 83 75 06 63 00 00 02 85 4B 6B 
00 00 01 00 03 10 00 71 00 03 00 06 00 04 7C 75 04 63 00 00 02 85 53 6C 
00 00 01 00 03 10 00 71 00 02 00 06 00 05 83 75 05 63 00 00 02 85 55 6C 
00 00 01 00 03 10 00 71 00 01 00 06 00 03 72 75 03 63 00 00 02 86 4A 6B 
00 00 01 00 02 10 00 71 00 01 00 05 00 02 74 75 02 63 00 00 02 86 43 6A 
00 00 01 00 03 10 00 71 00 02 00 05 00 05 84 75 05 63 00 00 02 86 54 68 
00 00 01 00 03 10 00 71 00 02 00 05 00 06 84 75 06 63 00 00 02 86 4C 6A 
00 00 01 00 03 10 00 71 00 03 00 05 00 04 7D 75 04 63 00 00 02 86 53 6C 
00 00 01 00 03 10 00 71 00 01 00 05 00 03 73 75 03 63 00 00 02 87 4C 68 
00 00 01 00 02 10 00 71 00 01 00 05 00 02 75 75 02 63 00 00 02 87 45 6C 
00 00 01 00 03 10 00 71 00 02 00 05 00 06 85 75 06 63 00 00 02 87 4B 6A 
00 00 01 00 03 10 00 71 00 02 00 05 00 05 85 75 05 63 00 00 02 87 55 6C 
00 00 01 00 03 10 00 71 00 03 00 05 00 04 7E 75 04 63 00 00 02 87 53 6C 
00 00 01 00 03 10 00 71 00 01 00 05 00 03 74 75 03 63 00 00 02 88 4B 6A 
00 00 01 00 02 10 00 71 00 01 00 05 00 02 76 75 02 63 00 00 02 88 46 6B 
00 00 01 00 03 10 00 71 00 02 00 05 00 05 86 75 05 63 00 00 02 88 54 6A 
00 00 01 00 03 10 00 71 00 02 00 05 00 06 86 75 06 63 00 00 02 88 4B 6A 
00 00 01 00 03 10 00 71 00 03 00 05 00 04 7F 75 04 63 00 00 02 88 53 6C 
00 00 01 00 02 10 00 71 00 01 00 05 00 02 77 75 02 63 00 00 02 89 45 6A 
00 00 01 00 03 10 00 71 00 01 00 05 00 03 75 75 03 63 00 00 02 89 4C 6B 
00 00 01 00 03 10 00 71 00 02 00 05 00 06 87 75 06 63 00 00 02 89 4B 6B 
00 00 01 00 03 10 00 71 00 03 00 05 00 04 80 75 04 63 00 00 02 89 53 6B 
00 00 01 00 03 10 00 71 00 02 00 05 00 05 87 75 05 63 00 00 02 89 55 6B 
00 00 01 00 03 10 00 71 00 01 00 05 00 03 76 75 03 63 00 00 02 8A 4D 69 
00 00 01 00 02 10 00 71 00 01 00 05 00 02 78 75 02 63 00 00 02 8A 45 69 
00 00 01 00 03 10 00 71 00 02 00 05 00 06 88 75 06 63 00 00 02 8A 4B 6A 
00 00 01 00 03 10 00 71 00 02 00 05 00 06 88 75 06 63 00 00 02 8A 4B 6A 
00 00 01 00 03 10 00 71 00 02 00 05 00 05 88 75 05 63 00 00 02 8A 55 6A 
00 00 01 00 03 10 00 71 00 03 00 05 00 04 81 75 04 63 00 00 02 8A 53 6B 
00 00 01 00 03 10 00 71 00 01 00 05 00 03 77 75 03 63 00 00 02 8B 4B 6A 
00 00 01 00 02 10 00 71 00 01 00 05 00 02 79 75 02 63 00 00 02 8B 45 6C 
00 00 01 00 03 10 00 71 00 02 00 05 00 06 89 75 06 63 00 00 02 8B 4B 6A 
00 00 01 00 03 10 00 71 00 02 00 05 00 06 89 75 06 63 00 00 02 8B 4B 6A 
00 00 01 00 03 10 00 71 00 02 00 05 00 05 89 75 05 63 00 00 02 8B 54 6C 
00 00 01 00 03 10 00 71 00 03 00 05 00 04 82 75 04 63 00 00 02 8B 53 6B 
00 00 01 00 02 10 00 71 00 01 00 05 00 02 7A 75 02 63 00 00 02 8C 45 69 
00 00 01 00 03 10 00 71 00 01 00 05 00 03 78 75 03 63 00 00 02 8C 4B 68 
00 00 01 00 03 10 00 71 00 01 00 06 00 03 78 75 03 63 00 00 02 8C 4B 68 
00 00 01 00 03 10 00 71 00 01 00 06 00 03 78 75 03 63 00 00 02 8C 4B 68 
00 00 01 00 03 10 00 71 00 02 00 06 00 05 8A 75 05 63 00 00 02 8C 54 6A 
00 00 01 00 03 10 00 71 00 02 00 07 00 06 8A 75 06 63 00 00 02 8C 4B 6C 
00 00 01 00 03 10 00 71 00 03 00 07 00 04 83 75 04 63 00 00 02 8C 52 6C 
00 00 01 00 03 10 00 71 00 01 00 07 00 03 79 75 03 63 00 00 02 8D 4B 69 
00 00 01 00 02 10 00 71 00 01 00 05 00 02 7B 75 02 63 00 00 02 8D 46 68 
00 00 01 00 03 10 00 71 00 02 00 07 00 05 8B 75 05 63 00 00 02 8D 54 6C 
00 00 01 00 03 10 00 71 00 02 00 07 00 06 8B 75 06 63 00 00 02 8D 4B 6C 
00 00 01 00 03 10 00 71 00 03 00 06 00 04 84 75 04 63 00 00 02 8D 52 6B 
00 00 01 00 02 10 00 71 00 01 00 05 00 02 7C 75 02 63 00 00 02 8E 46 6A 
00 00 01 00 03 10 00 71 00 01 00 06 00 03 7A 75 03 63 00 00 02 8E 4B 6C 
00 00 01 00 02 10 00 71 00 01 00 05 00 02 7C 75 02 63 00 00 02 8E 46 6A 
00 00 01 00 03 10 00 71 00 02 00 06 00 06 8C 75 06 63 00 00 02 8E 4B 6B 
00 00 01 00 03 10 00 71 00 02 00 06 00 05 8C 75 05 63 00 00 02 8E 54 6C 
00 00 01 00 03 10 00 71 00 03 00 06 00 04 85 75 04 63 00 00 02 8E 52 6C 
00 00 01 00 02 10 00 71 00 01 00 05 00 02 7D 75 02 63 00 00 02 8F 45 69 
00 00 01 00 02 10 00 71 00 02 00 05 00 03 7B 75 03 63 00 00 02 8F 4B 69 
00 00 01 00 02 10 00 71 00 03 00 05 00 06 8D 75 06 63 00 00 02 8F 4C 6C 
00 00 01 00 02 10 00 71 00 04 00 05 00 04 86 75 04 63 00 00 02 8F 4F 6B 
00 00 01 00 02 10 00 71 00 03 00 05 00 05 8D 75 05 63 00 00 02 8F 55 6B 
00 00 01 00 02 10 00 71 00 01 00 05 00 02 7E 75 02 63 00 00 02 90 45 6B 
00 00 01 00 02 10 00 71 00 02 00 05 00 03 7C 75 03 63 00 00 02 90 4C 6B 
00 00 01 00 02 10 00 71 00 03 00 05 00 05 8E 75 05 63 00 00 02 90 54 6A 
00 00 01 00 02 10 00 71 00 03 00 05 00 06 8E 75 06 63 00 00 02 90 4B 6C 
00 00 01 00 02 10 00 71 00 04 00 05 00 04 87 75 04 63 00 00 02 90 51 6C 
00 00 01 00 02 10 00 71 00 04 00 05 00 05 8E 75 05 63 00 00 02 90 54 6A 
00 00 01 00 02 10 00 71 00 01 00 05 00 02 7F 75 02 63 00 00 02 91 45 6B 
00 00 01 00 02 10 00 71 00 02 00 05 00 03 7D 75 03 63 00 00 02 91 4B 6C 
00 00 01 00 02 10 00 71 00 03 00 05 00 06 8F 75 06 63 00 00 02 91 4C 6C 
00 00 01 00 02 10 00 71 00 04 00 05 00 05 8F 75 05 63 00 00 02 91 54 6C 
00 00 01 00 02 10 00 71 00 04 00 05 00 04 88 75 04 63 00 00 02 91 52 6C 
00 00 01 00 02 10 00 71 00 01 00 05 00 02 80 75 02 63 00 00 02 92 47 6B 
00 00 01 00 02 10 00 71 00 02 00 05 00 03 7E 75 03 63 00 00 02 92 4A 6B 
00 00 01 00 02 10 00 71 00 03 00 05 00 06 90 75 06 63 00 00 02 92 4B 6B 
00 00 01 00 02 10 00 71 00 04 00 05 00 04 89 75 04 63 00 00 02 92 51 6C 
00 00 01 00 02 10 00 71 00 04 00 05 00 05 90 75 05 63 00 00 02 92 54 6B 
00 00 01 00 02 10 00 71 00 01 00 05 00 02 81 75 02 63 00 00 02 93 47 6C 
00 00 01 00 02 10 00 71 00 02 00 05 00 03 7F 75 03 63 00 00 02 93 4A 6B 
00 00 01 00 02 10 00 71 00 03 00 05 00 06 91 75 06 63 00 00 02 93 4B 6B 
00 00 01 00 02 10 00 71 00 04 00 05 00 05 91 75 05 63 00 00 02 93 55 6B 
00 00 01 00 02 10 00 71 00 04 00 05 00 04 8A 75 04 63 00 00 02 93 51 6C 
00 00 01 00 02 10 00 71 00 01 00 05 00 02 82 75 02 63 00 00 02 94 47 6B 
00 00 01 00 02 10 00 71 00 02 00 05 00 03 80 75 03 63 00 00 02 94 4A 6A 
00 00 01 00 02 10 00 71 00 03 00 05 00 06 92 75 06 63 00 00 02 94 4B 6B 
00 00 01 00 02 10 00 71 00 04 00 05 00 05 92 75 05 63 00 00 02 94 53 6C 
00 00 01 00 02 10 00 71 00 04 00 05 00 04 8B 75 04 63 00 00 02 94 52 6C 
00 00 01 00 02 10 00 71 00 01 00 05 00 02 83 75 02 63 00 00 02 95 47 6A 
00 00 01 00 02 10 00 71 00 02 00 05 00 03 81 75 03 63 00 00 02 95 49 6B 
00 00 01 00 02 10 00 71 00 03 00 05 00 06 93 75 06 63 00 00 02 95 4B 6C 
00 00 01 00 02 10 00 71 00 04 00 05 00 05 93 75 05 63 00 00 02 95 54 6C 
00 00 01 00 02 10 00 71 00 04 00 05 00 04 8C 75 04 63 00 00 02 95 52 6B 
00 00 01 00 02 10 00 71 00 01 00 05 00 02 84 75 02 63 00 00 02 96 46 6B 
00 00 01 00 02 10 00 71 00 01 00 05 00 02 84 75 02 63 00 00 02 96 46 6B 
00 00 01 00 02 10 00 71 00 02 00 05 00 03 82 75 03 63 00 00 02 96 49 6A 
00 00 01 00 02 10 00 71 00 03 00 05 00 06 94 75 06 63 00 00 02 96 4B 6A 
00 00 01 00 02 10 00 71 00 04 00 05 00 05 94 75 05 63 00 00 02 96 53 6C 
00 00 01 00 02 10 00 71 00 04 00 05 00 04 8D 75 04 63 00 00 02 96 52 6C 
00 00 01 00 02 10 00 71 00 01 00 05 00 02 85 75 02 63 00 00 02 97 47 6C 
00 00 01 00 02 10 00 71 00 02 00 05 00 03 83 75 03 63 00 00 02 97 49 6A 
00 00 01 00 02 10 00 71 00 03 00 05 00 06 95 75 06 63 00 00 02 97 4B 6B 
00 00 01 00 02 10 00 71 00 04 00 05 00 05 95 75 05 63 00 00 02 97 55 6B 
00 00 01 00 02 10 00 71 00 04 00 05 00 04 8E 75 04 63 00 00 02 97 52 6C 
00 00 01 00 02 10 00 71 00 01 00 05 00 02 86 75 02 63 00 00 02 98 47 6A 
00 00 01 00 02 10 00 71 00 02 00 05 00 03 84 75 03 63 00 00 02 98 4A 6B 
00 00 01 00 02 10 00 71 00 03 00 05 00 05 96 75 05 63 00 00 02 98 54 6B 
00 00 01 00 02 10 00 71 00 03 00 05 00 06 96 75 06 63 00 00 02 98 4B 6B 
00 00 01 00 02 10 00 71 00 04 00 05 00 04 8F 75 04 63 00 00 02 98 52 6B 
00 00 01 00 02 10 00 71 00 01 00 05 00 02 87 75 02 63 00 00 02 99 47 6B 
00 00 01 00 02 10 00 71 00 02 00 05 00 03 85 75 03 63 00 00 02 99 49 6C 
00 00 01 00 02 10 00 71 00 03 00 05 00 06 97 75 06 63 00 00 02 99 4D 6B 
00 00 01 00 02 10 00 71 00 03 00 05 00 05 97 75 05 63 00 00 02 99 53 6B 
00 00 01 00 02 10 00 71 00 04 00 05 00 04 90 75 04 63 00 00 02 99 53 6C 
00 00 01 00 02 10 00 71 00 01 00 05 00 02 88 75 02 63 00 00 02 9A 48 6C 
00 00 01 00 02 10 00 71 00 02 00 05 00 03 86 75 03 63 00 00 02 9A 48 6C 
00 00 01 00 02 10 00 71 00 03 00 05 00 06 98 75 06 63 00 00 02 9A 4D 6B 
00 00 01 00 02 10 00 71 00 04 00 05 00 04 91 75 04 63 00 00 02 9A 52 6C 
00 00 01 00 02 10 00 71 00 03 00 05 00 05 98 75 05 63 00 00 02 9A 53 6B 
00 00 01 00 02 10 00 71 00 01 00 05 00 02 89 75 02 63 00 00 02 9B 47 6C 
00 00 01 00 02 10 00 71 00 02 00 05 00 03 87 75 03 63 00 00 02 9B 4A 6A 
00 00 01 00 02 10 00 71 00 03 00 05 00 06 99 75 06 63 00 00 02 9B 4D 6B 
00 00 01 00 02 10 00 71 00 03 00 05 00 05 99 75 05 63 00 00 02 9B 54 6C 
00 00 01 00 02 10 00 71 00 04 00 05 00 04 92 75 04 63 00 00 02 9B 53 6B 
00 00 01 00 02 10 00 71 00 01 00 05 00 02 8A 75 02 63 00 00 02 9C 45 6C 
00 00 01 00 02 10 00 71 00 02 00 05 00 03 88 75 03 63 00 00 02 9C 48 6C 
00 00 01 00 02 10 00 71 00 03 00 05 00 05 9A 75 05 63 00 00 02 9C 52 6C 
00 00 01 00 02 10 00 71 00 03 00 05 00 06 9A 75 06 63 00 00 02 9C 4E 69 
00 00 01 00 02 10 00 71 00 04 00 05 00 04 93 75 04 63 00 00 02 9C 53 6C 
