00 00 01 00 02 10 00 71 00 01 00 10 00 02 2A 75 02 63 00 00 05 45 3F 6A 
00 00 01 00 04 10 00 71 00 01 00 1A 00 04 28 75 04 63 00 00 05 45 4F 6B 
00 00 01 00 06 10 00 71 00 01 00 0B 00 06 22 75 06 63 00 00 05 45 4B 68 
00 00 01 00 05 10 00 71 00 01 00 11 00 05 25 75 05 63 00 00 05 45 4C 6B 
00 00 01 00 03 10 00 71 00 01 00 14 00 03 2A 75 03 63 00 00 05 45 43 6A 
00 00 01 00 03 10 00 71 00 01 00 12 00 03 2B 75 03 63 00 00 05 46 45 6A 
00 00 01 00 02 10 00 71 00 01 00 10 00 02 2B 75 02 63 00 00 05 46 41 6A 
00 00 01 00 05 10 00 71 00 01 00 11 00 05 26 75 05 63 00 00 05 46 4A 6C 
00 00 01 00 04 10 00 71 00 01 00 1A 00 04 29 75 04 63 00 00 05 46 4F 6C 
00 00 01 00 06 10 00 71 00 01 00 0B 00 06 23 75 06 63 00 00 05 46 49 6B 
00 00 01 00 05 10 00 71 00 01 00 11 00 05 27 75 05 63 00 00 05 47 3F 69 
00 00 01 00 02 10 00 71 00 01 00 10 00 02 2C 75 02 63 00 00 05 47 41 6A 
00 00 01 00 04 10 00 71 00 01 00 1A 00 04 2A 75 04 63 00 00 05 47 4D 6C 
00 00 01 00 06 10 00 71 00 01 00 0B 00 06 24 75 06 63 00 00 05 47 47 6C 
00 00 01 00 03 10 00 71 00 01 00 12 00 03 2C 75 03 63 00 00 05 47 48 6B 
00 00 01 00 04 10 00 71 00 01 00 18 00 04 2B 75 04 63 00 00 05 48 49 6C 
00 00 01 00 05 10 00 71 00 01 00 10 00 05 28 75 05 63 00 00 05 48 49 6B 
00 00 01 00 02 10 00 71 00 01 00 10 00 02 2D 75 02 63 00 00 05 48 43 69 
00 00 01 00 03 10 00 71 00 01 00 12 00 03 2D 75 03 63 00 00 05 48 4A 6C 
00 00 01 00 05 10 00 71 00 01 00 10 00 05 28 75 05 63 00 00 05 48 49 6B 
00 00 01 00 06 10 00 71 00 01 00 0B 00 06 25 75 06 63 00 00 05 48 47 6B 
00 00 01 00 02 10 00 71 00 01 00 0E 00 02 2E 75 02 63 00 00 05 49 41 6A 
00 00 01 00 03 10 00 71 00 01 00 12 00 03 2E 75 03 63 00 00 05 49 4D 6B 
00 00 01 00 06 10 00 71 00 01 00 0B 00 06 26 75 06 63 00 00 05 49 4B 6A 
00 00 01 00 05 10 00 71 00 01 00 10 00 05 29 75 05 63 00 00 05 49 51 6C 
00 00 01 00 04 10 00 71 00 01 00 18 00 04 2C 75 04 63 00 00 05 49 46 6C 
00 00 01 00 05 10 00 71 00 01 00 10 00 05 2A 75 05 63 00 00 05 4A 4D 6B 
00 00 01 00 02 10 00 71 00 01 00 0E 00 02 2F 75 02 63 00 00 05 4A 43 6B 
00 00 01 00 03 10 00 71 00 01 00 10 00 03 2F 75 03 63 00 00 05 4A 4B 6C 
00 00 01 00 06 10 00 71 00 01 00 0B 00 06 27 75 06 63 00 00 05 4A 4A 6C 
00 00 01 00 04 10 00 71 00 01 00 19 00 04 2D 75 04 63 00 00 05 4A 4B 6C 
00 00 01 00 02 10 00 71 00 01 00 0E 00 02 30 75 02 63 00 00 05 4B 41 6A 
00 00 01 00 03 10 00 71 00 01 00 10 00 03 30 75 03 63 00 00 05 4B 45 6C 
00 00 01 00 06 10 00 71 00 01 00 0B 00 06 28 75 06 63 00 00 05 4B 45 6B 
00 00 01 00 05 10 00 71 00 01 00 0F 00 05 2B 75 05 63 00 00 05 4B 4C 6C 
00 00 01 00 05 10 00 71 00 02 00 0F 00 04 2E 75 04 63 00 00 05 4B 4F 6C 
00 00 01 00 03 10 00 71 00 01 00 10 00 03 31 75 03 63 00 00 05 4C 47 6B 
00 00 01 00 05 10 00 71 00 01 00 0F 00 05 2C 75 05 63 00 00 05 4C 4B 6C 
00 00 01 00 05 10 00 71 00 02 00 0F 00 04 2F 75 04 63 00 00 05 4C 50 6B 
00 00 01 00 06 10 00 71 00 01 00 0B 00 06 29 75 06 63 00 00 05 4C 47 6B 
00 00 01 00 02 10 00 71 00 01 00 0E 00 02 31 75 02 63 00 00 05 4C 3F 6B 
00 00 01 00 03 10 00 71 00 01 00 10 00 03 32 75 03 63 00 00 05 4D 47 68 
00 00 01 00 05 10 00 71 00 01 00 0F 00 05 2D 75 05 63 00 00 05 4D 4D 6C 
00 00 01 00 02 10 00 71 00 01 00 0D 00 02 32 75 02 63 00 00 05 4D 40 6B 
00 00 01 00 05 10 00 71 00 02 00 0E 00 04 30 75 04 63 00 00 05 4D 4F 6C 
00 00 01 00 06 10 00 71 00 01 00 0B 00 06 2A 75 06 63 00 00 05 4D 49 6C 
00 00 01 00 05 10 00 71 00 01 00 0E 00 05 2E 75 05 63 00 00 05 4E 42 6C 
00 00 01 00 02 10 00 71 00 01 00 0D 00 02 33 75 02 63 00 00 05 4E 41 6C 
00 00 01 00 06 10 00 71 00 01 00 0B 00 06 2B 75 06 63 00 00 05 4E 4A 6C 
00 00 01 00 03 10 00 71 00 01 00 10 00 03 33 75 03 63 00 00 05 4E 43 6B 
00 00 01 00 05 10 00 71 00 02 00 0E 00 04 31 75 04 63 00 00 05 4E 50 6C 
00 00 01 00 06 10 00 71 00 01 00 0B 00 06 2B 75 06 63 00 00 05 4E 4A 6C 
00 00 01 00 03 10 00 71 00 01 00 0E 00 03 34 75 03 63 00 00 05 4F 41 6B 
00 00 01 00 02 10 00 71 00 01 00 0D 00 02 34 75 02 63 00 00 05 4F 3C 65 
00 00 01 00 05 10 00 71 00 01 00 0E 00 05 2F 75 05 63 00 00 05 4F 50 6C 
00 00 01 00 06 10 00 71 00 01 00 0B 00 06 2C 75 06 63 00 00 05 4F 42 6B 
00 00 01 00 05 10 00 71 00 02 00 0D 00 04 32 75 04 63 00 00 05 4F 4F 6C 
00 00 01 00 02 10 00 71 00 01 00 0D 00 02 35 75 02 63 00 00 05 50 3E 6B 
00 00 01 00 03 10 00 71 00 01 00 0E 00 03 35 75 03 63 00 00 05 50 40 67 
00 00 01 00 05 10 00 71 00 01 00 0D 00 05 30 75 05 63 00 00 05 50 4F 6C 
00 00 01 00 06 10 00 71 00 01 00 0B 00 06 2D 75 06 63 00 00 05 50 43 6C 
00 00 01 00 05 10 00 71 00 02 00 0D 00 04 33 75 04 63 00 00 05 50 4F 6C 
00 00 01 00 03 10 00 71 00 01 00 0E 00 03 36 75 03 63 00 00 05 51 3F 68 
00 00 01 00 02 10 00 71 00 01 00 0D 00 02 36 75 02 63 00 00 05 51 3F 6B 
00 00 01 00 06 10 00 71 00 01 00 0B 00 06 2E 75 06 63 00 00 05 51 47 6C 
00 00 01 00 05 10 00 71 00 01 00 0D 00 05 31 75 05 63 00 00 05 51 4C 6C 
00 00 01 00 05 10 00 71 00 02 00 0C 00 04 34 75 04 63 00 00 05 51 4F 6C 
00 00 01 00 02 10 00 71 00 01 00 0C 00 02 37 75 02 63 00 00 05 52 40 6B 
00 00 01 00 03 10 00 71 00 01 00 0E 00 03 37 75 03 63 00 00 05 52 45 6A 
00 00 01 00 05 10 00 71 00 01 00 0C 00 05 32 75 05 63 00 00 05 52 49 6C 
00 00 01 00 05 10 00 71 00 02 00 0C 00 04 35 75 04 63 00 00 05 52 4F 6C 
00 00 01 00 06 10 00 71 00 01 00 0B 00 06 2F 75 06 63 00 00 05 52 4A 6C 
00 00 01 00 02 10 00 71 00 01 00 0C 00 02 38 75 02 63 00 00 05 53 41 6B 
00 00 01 00 03 10 00 71 00 01 00 0D 00 03 38 75 03 63 00 00 05 53 47 6B 
00 00 01 00 06 10 00 71 00 01 00 0B 00 06 30 75 06 63 00 00 05 53 4B 6C 
00 00 01 00 05 10 00 71 00 01 00 0B 00 05 33 75 05 63 00 00 05 53 49 6B 
00 00 01 00 05 10 00 71 00 02 00 0B 00 04 36 75 04 63 00 00 05 53 4F 6C 
00 00 01 00 05 10 00 71 00 01 00 0B 00 05 34 75 05 63 00 00 05 54 49 6A 
00 00 01 00 02 10 00 71 00 01 00 0C 00 02 39 75 02 63 00 00 05 54 41 6A 
00 00 01 00 05 10 00 71 00 02 00 0B 00 04 37 75 04 63 00 00 05 54 4F 6C 
00 00 01 00 03 10 00 71 00 01 00 0D 00 03 39 75 03 63 00 00 05 54 47 6A 
00 00 01 00 06 10 00 71 00 01 00 0B 00 06 31 75 06 63 00 00 05 54 4B 6C 
00 00 01 00 02 10 00 71 00 01 00 0C 00 02 3A 75 02 63 00 00 05 55 41 6C 
00 00 01 00 05 10 00 71 00 01 00 0B 00 05 35 75 05 63 00 00 05 55 47 69 
00 00 01 00 03 10 00 71 00 01 00 0D 00 03 3A 75 03 63 00 00 05 55 47 6B 
00 00 01 00 06 10 00 71 00 01 00 0B 00 06 32 75 06 63 00 00 05 55 4B 6B 
00 00 01 00 05 10 00 71 00 02 00 0A 00 04 38 75 04 63 00 00 05 55 4F 6C 
00 00 01 00 02 10 00 71 00 01 00 0C 00 02 3B 75 02 63 00 00 05 56 40 6B 
00 00 01 00 03 10 00 71 00 01 00 0D 00 03 3B 75 03 63 00 00 05 56 43 6A 
00 00 01 00 05 10 00 71 00 01 00 0A 00 05 36 75 05 63 00 00 05 56 49 6B 
00 00 01 00 02 10 00 71 00 01 00 0B 00 02 3B 75 02 63 00 00 05 56 40 6B 
00 00 01 00 06 10 00 71 00 01 00 0B 00 06 33 75 06 63 00 00 05 56 49 67 
00 00 01 00 05 10 00 71 00 02 00 0A 00 04 39 75 04 63 00 00 05 56 4F 6C 
00 00 01 00 05 10 00 71 00 02 00 0A 00 04 39 75 04 63 00 00 05 56 4F 6C 
00 00 01 00 06 10 00 71 00 01 00 0B 00 06 34 75 06 63 00 00 05 57 4C 6C 
00 00 01 00 03 10 00 71 00 01 00 0C 00 03 3C 75 03 63 00 00 05 57 48 6B 
00 00 01 00 05 10 00 71 00 01 00 0A 00 05 37 75 05 63 00 00 05 57 4A 6B 
00 00 01 00 02 10 00 71 00 01 00 0B 00 02 3C 75 02 63 00 00 05 57 41 6A 
00 00 01 00 05 10 00 71 00 02 00 0A 00 04 3A 75 04 63 00 00 05 57 4E 6C 
00 00 01 00 06 10 00 71 00 01 00 0B 00 06 35 75 06 63 00 00 05 58 4D 6C 
00 00 01 00 05 10 00 71 00 01 00 0A 00 05 38 75 05 63 00 00 05 58 4D 6C 
00 00 01 00 02 10 00 71 00 01 00 0B 00 02 3D 75 02 63 00 00 05 58 41 6A 
00 00 01 00 03 10 00 71 00 01 00 0C 00 03 3D 75 03 63 00 00 05 58 4B 6B 
00 00 01 00 05 10 00 71 00 02 00 0A 00 04 3B 75 04 63 00 00 05 58 4D 6C 
00 00 01 00 03 10 00 71 00 01 00 0C 00 03 3E 75 03 63 00 00 05 59 4D 6B 
00 00 01 00 05 10 00 71 00 01 00 0A 00 05 39 75 05 63 00 00 05 59 50 6C 
00 00 01 00 02 10 00 71 00 01 00 0B 00 02 3E 75 02 63 00 00 05 59 41 6B 
00 00 01 00 05 10 00 71 00 02 00 09 00 04 3C 75 04 63 00 00 05 59 4D 6C 
00 00 01 00 06 10 00 71 00 01 00 0B 00 06 36 75 06 63 00 00 05 59 4D 6C 
00 00 01 00 05 10 00 71 00 01 00 09 00 05 3A 75 05 63 00 00 05 5A 4F 6C 
00 00 01 00 03 10 00 71 00 01 00 0C 00 03 3F 75 03 63 00 00 05 5A 4D 69 
00 00 01 00 02 10 00 71 00 01 00 0B 00 02 3F 75 02 63 00 00 05 5A 40 6B 
00 00 01 00 05 10 00 71 00 02 00 09 00 04 3D 75 04 63 00 00 05 5A 4D 6C 
00 00 01 00 03 10 00 71 00 01 00 0B 00 03 3F 75 03 63 00 00 05 5A 4D 69 
00 00 01 00 06 10 00 71 00 01 00 0B 00 06 37 75 06 63 00 00 05 5A 4D 6A 
00 00 01 00 02 10 00 71 00 01 00 0B 00 02 40 75 02 63 00 00 05 5B 42 6B 
00 00 01 00 05 10 00 71 00 01 00 09 00 05 3B 75 05 63 00 00 05 5B 4B 6C 
00 00 01 00 03 10 00 71 00 01 00 0B 00 03 40 75 03 63 00 00 05 5B 4B 6B 
00 00 01 00 06 10 00 71 00 01 00 0B 00 06 38 75 06 63 00 00 05 5B 4D 6C 
00 00 01 00 05 10 00 71 00 02 00 08 00 04 3E 75 04 63 00 00 05 5B 4D 6C 
00 00 01 00 03 10 00 71 00 01 00 0B 00 03 41 75 03 63 00 00 05 5C 47 6B 
00 00 01 00 02 10 00 71 00 01 00 0B 00 02 41 75 02 63 00 00 05 5C 41 6A 
00 00 01 00 05 10 00 71 00 01 00 08 00 05 3C 75 05 63 00 00 05 5C 46 6A 
00 00 01 00 06 10 00 71 00 01 00 0B 00 06 39 75 06 63 00 00 05 5C 4B 6C 
00 00 01 00 05 10 00 71 00 02 00 08 00 04 3F 75 04 63 00 00 05 5C 4F 6C 
00 00 01 00 02 10 00 71 00 01 00 0B 00 02 41 75 02 63 00 00 05 5C 41 6A 
00 00 01 00 02 10 00 71 00 01 00 0A 00 02 42 75 02 63 00 00 05 5D 41 6B 
00 00 01 00 03 10 00 71 00 01 00 0B 00 03 42 75 03 63 00 00 05 5D 45 6B 
00 00 01 00 05 10 00 71 00 01 00 08 00 05 3D 75 05 63 00 00 05 5D 47 6C 
00 00 01 00 06 10 00 71 00 01 00 0B 00 06 3A 75 06 63 00 00 05 5D 49 6C 
00 00 01 00 05 10 00 71 00 02 00 08 00 04 40 75 04 63 00 00 05 5D 4E 6C 
00 00 01 00 03 10 00 71 00 01 00 0A 00 03 43 75 03 63 00 00 05 5E 44 6B 
00 00 01 00 05 10 00 71 00 01 00 07 00 05 3E 75 05 63 00 00 05 5E 47 6B 
00 00 01 00 06 10 00 71 00 01 00 0B 00 06 3B 75 06 63 00 00 05 5E 4B 6C 
00 00 01 00 05 10 00 71 00 02 00 07 00 04 41 75 04 63 00 00 05 5E 4F 6C 
00 00 01 00 02 10 00 71 00 01 00 0A 00 02 43 75 02 63 00 00 05 5E 41 69 
00 00 01 00 02 10 00 71 00 01 00 0A 00 02 44 75 02 63 00 00 05 5F 40 6A 
00 00 01 00 05 10 00 71 00 01 00 07 00 05 3F 75 05 63 00 00 05 5F 48 6C 
00 00 01 00 03 10 00 71 00 01 00 0A 00 03 44 75 03 63 00 00 05 5F 41 6A 
00 00 01 00 05 10 00 71 00 02 00 07 00 04 42 75 04 63 00 00 05 5F 4F 6C 
00 00 01 00 06 10 00 71 00 01 00 0B 00 06 3C 75 06 63 00 00 05 5F 49 6B 
00 00 01 00 05 10 00 71 00 01 00 07 00 05 40 75 05 63 00 00 05 60 44 6C 
00 00 01 00 03 10 00 71 00 01 00 0A 00 03 45 75 03 63 00 00 05 60 46 6B 
00 00 01 00 06 10 00 71 00 01 00 0B 00 06 3D 75 06 63 00 00 05 60 49 6B 
00 00 01 00 05 10 00 71 00 01 00 07 00 05 40 75 05 63 00 00 05 60 44 6C 
00 00 01 00 02 10 00 71 00 01 00 0A 00 02 45 75 02 63 00 00 05 60 3C 68 
00 00 01 00 05 10 00 71 00 02 00 07 00 04 43 75 04 63 00 00 05 60 4F 6C 
00 00 01 00 06 10 00 71 00 01 00 0B 00 06 3E 75 06 63 00 00 05 61 4D 6C 
00 00 01 00 02 10 00 71 00 01 00 0A 00 02 46 75 02 63 00 00 05 61 40 6C 
00 00 01 00 03 10 00 71 00 01 00 0A 00 03 46 75 03 63 00 00 05 61 4B 6A 
00 00 01 00 05 10 00 71 00 02 00 07 00 04 44 75 04 63 00 00 05 61 4F 6C 
00 00 01 00 02 10 00 71 00 01 00 0A 00 02 46 75 02 63 00 00 05 61 40 6C 
00 00 01 00 05 10 00 71 00 01 00 07 00 05 42 75 05 63 00 00 05 62 51 69 
00 00 01 00 06 10 00 71 00 01 00 0B 00 06 3F 75 06 63 00 00 05 62 4D 6B 
00 00 01 00 02 10 00 71 00 01 00 0A 00 02 47 75 02 63 00 00 05 62 3F 6A 
00 00 01 00 03 10 00 71 00 01 00 09 00 03 47 75 03 63 00 00 05 62 4D 6C 
00 00 01 00 05 10 00 71 00 02 00 06 00 04 45 75 04 63 00 00 05 62 4D 6C 
00 00 01 00 05 10 00 71 00 01 00 06 00 05 43 75 05 63 00 00 05 63 51 6C 
00 00 01 00 05 10 00 71 00 02 00 06 00 04 46 75 04 63 00 00 05 63 46 6C 
00 00 01 00 06 10 00 71 00 01 00 0B 00 06 40 75 06 63 00 00 05 63 48 6B 
00 00 01 00 02 10 00 71 00 01 00 0A 00 02 48 75 02 63 00 00 05 63 41 68 
00 00 01 00 03 10 00 71 00 01 00 09 00 03 48 75 03 63 00 00 05 63 4F 6C 
00 00 01 00 03 10 00 71 00 01 00 09 00 03 49 75 03 63 00 00 05 64 4F 6B 
00 00 01 00 02 10 00 71 00 01 00 0A 00 02 49 75 02 63 00 00 05 64 40 6A 
00 00 01 00 05 10 00 71 00 01 00 06 00 05 44 75 05 63 00 00 05 64 53 6B 
00 00 01 00 06 10 00 71 00 01 00 0B 00 06 41 75 06 63 00 00 05 64 47 6A 
00 00 01 00 05 10 00 71 00 02 00 06 00 04 47 75 04 63 00 00 05 64 41 6A 
00 00 01 00 02 10 00 71 00 01 00 0A 00 02 4A 75 02 63 00 00 05 65 41 6A 
00 00 01 00 06 10 00 71 00 01 00 0B 00 06 42 75 06 63 00 00 05 65 47 6B 
00 00 01 00 03 10 00 71 00 01 00 09 00 03 4A 75 03 63 00 00 05 65 50 6B 
00 00 01 00 05 10 00 71 00 01 00 06 00 05 45 75 05 63 00 00 05 65 53 6B 
00 00 01 00 05 10 00 71 00 02 00 06 00 04 48 75 04 63 00 00 05 65 41 6B 
00 00 01 00 02 10 00 71 00 01 00 0A 00 02 4B 75 02 63 00 00 05 66 40 6A 
00 00 01 00 03 10 00 71 00 01 00 09 00 03 4B 75 03 63 00 00 05 66 4F 6B 
00 00 01 00 06 10 00 71 00 01 00 0B 00 06 43 75 06 63 00 00 05 66 46 6C 
00 00 01 00 05 10 00 71 00 01 00 06 00 05 46 75 05 63 00 00 05 66 53 6B 
00 00 01 00 05 10 00 71 00 02 00 06 00 04 49 75 04 63 00 00 05 66 44 6B 
00 00 01 00 06 10 00 71 00 01 00 0B 00 06 44 75 06 63 00 00 05 67 47 6B 
00 00 01 00 05 10 00 71 00 01 00 06 00 05 47 75 05 63 00 00 05 67 52 6A 
00 00 01 00 02 10 00 71 00 01 00 09 00 02 4C 75 02 63 00 00 05 67 45 6B 
00 00 01 00 05 10 00 71 00 02 00 06 00 04 4A 75 04 63 00 00 05 67 40 6C 
00 00 01 00 03 10 00 71 00 01 00 0A 00 03 4C 75 03 63 00 00 05 67 4F 6C 
00 00 01 00 06 10 00 71 00 01 00 0B 00 06 45 75 06 63 00 00 05 68 49 6B 
00 00 01 00 05 10 00 71 00 01 00 06 00 05 48 75 05 63 00 00 05 68 51 6C 
00 00 01 00 02 10 00 71 00 01 00 09 00 02 4D 75 02 63 00 00 05 68 39 5E 
00 00 01 00 05 10 00 71 00 02 00 06 00 04 4B 75 04 63 00 00 05 68 45 6C 
00 00 01 00 03 10 00 71 00 01 00 0A 00 03 4D 75 03 63 00 00 05 68 4F 6B 
00 00 01 00 06 10 00 71 00 01 00 0B 00 06 46 75 06 63 00 00 05 69 4A 6B 
00 00 01 00 02 10 00 71 00 01 00 09 00 02 4E 75 02 63 00 00 05 69 43 6C 
00 00 01 00 02 10 00 71 00 01 00 09 00 02 4E 75 02 63 00 00 05 69 43 6C 
00 00 01 00 05 10 00 71 00 01 00 06 00 05 49 75 05 63 00 00 05 69 53 6B 
00 00 01 00 03 10 00 71 00 01 00 0A 00 03 4E 75 03 63 00 00 05 69 4E 6B 
00 00 01 00 05 10 00 71 00 02 00 06 00 04 4C 75 04 63 00 00 05 69 44 6C 
00 00 01 00 05 10 00 71 00 01 00 06 00 05 4A 75 05 63 00 00 05 6A 51 6B 
00 00 01 00 03 10 00 71 00 01 00 0A 00 03 4F 75 03 63 00 00 05 6A 4D 6A 
00 00 01 00 06 10 00 71 00 01 00 0B 00 06 47 75 06 63 00 00 05 6A 4B 6A 
00 00 01 00 05 10 00 71 00 02 00 06 00 04 4D 75 04 63 00 00 05 6A 45 6C 
00 00 01 00 02 10 00 71 00 01 00 09 00 02 4F 75 02 63 00 00 05 6A 41 6B 
00 00 01 00 02 10 00 71 00 01 00 09 00 02 50 75 02 63 00 00 05 6B 44 6A 
00 00 01 00 06 10 00 71 00 01 00 0A 00 06 48 75 06 63 00 00 05 6B 4B 6B 
00 00 01 00 05 10 00 71 00 01 00 06 00 05 4B 75 05 63 00 00 05 6B 51 6A 
00 00 01 00 03 10 00 71 00 01 00 0A 00 03 50 75 03 63 00 00 05 6B 4D 6B 
00 00 01 00 05 10 00 71 00 02 00 06 00 04 4E 75 04 63 00 00 05 6B 47 6B 
00 00 01 00 06 10 00 71 00 01 00 0A 00 06 49 75 06 63 00 00 05 6C 4B 6B 
00 00 01 00 03 10 00 71 00 01 00 0A 00 03 51 75 03 63 00 00 05 6C 4C 6B 
00 00 01 00 02 10 00 71 00 01 00 09 00 02 51 75 02 63 00 00 05 6C 3B 66 
00 00 01 00 05 10 00 71 00 01 00 06 00 05 4C 75 05 63 00 00 05 6C 4F 6A 
00 00 01 00 05 10 00 71 00 02 00 06 00 04 4F 75 04 63 00 00 05 6C 48 6C 
00 00 01 00 06 10 00 71 00 01 00 0A 00 06 4A 75 06 63 00 00 05 6D 4B 6C 
00 00 01 00 02 10 00 71 00 01 00 09 00 02 52 75 02 63 00 00 05 6D 3E 6A 
00 00 01 00 03 10 00 71 00 01 00 0A 00 03 52 75 03 63 00 00 05 6D 4C 6C 
00 00 01 00 05 10 00 71 00 01 00 06 00 05 4D 75 05 63 00 00 05 6D 4D 6B 
00 00 01 00 05 10 00 71 00 02 00 06 00 04 50 75 04 63 00 00 05 6D 4A 6C 
00 00 01 00 03 10 00 71 00 01 00 0A 00 03 53 75 03 63 00 00 05 6E 4C 6B 
00 00 01 00 05 10 00 71 00 01 00 06 00 05 4E 75 05 63 00 00 05 6E 4B 69 
00 00 01 00 05 10 00 71 00 02 00 06 00 04 51 75 04 63 00 00 05 6E 49 6B 
00 00 01 00 06 10 00 71 00 01 00 0A 00 06 4B 75 06 63 00 00 05 6E 4A 6A 
00 00 01 00 02 10 00 71 00 01 00 08 00 02 53 75 02 63 00 00 05 6E 42 6B 
00 00 01 00 02 10 00 71 00 01 00 08 00 02 54 75 02 63 00 00 05 6F 42 6C 
00 00 01 00 06 10 00 71 00 01 00 09 00 06 4C 75 06 63 00 00 05 6F 47 6A 
00 00 01 00 03 10 00 71 00 01 00 0A 00 03 54 75 03 63 00 00 05 6F 47 69 
00 00 01 00 05 10 00 71 00 01 00 06 00 05 4F 75 05 63 00 00 05 6F 47 6B 
00 00 01 00 05 10 00 71 00 02 00 06 00 04 52 75 04 63 00 00 05 6F 4B 6C 
00 00 01 00 05 10 00 71 00 01 00 06 00 05 50 75 05 63 00 00 05 70 50 6C 
00 00 01 00 02 10 00 71 00 01 00 08 00 02 55 75 02 63 00 00 05 70 45 6B 
00 00 01 00 03 10 00 71 00 01 00 0A 00 03 55 75 03 63 00 00 05 70 3F 68 
00 00 01 00 05 10 00 71 00 02 00 06 00 04 53 75 04 63 00 00 05 70 4E 6C 
00 00 01 00 06 10 00 71 00 01 00 09 00 06 4D 75 06 63 00 00 05 70 43 6C 
00 00 01 00 03 10 00 71 00 01 00 09 00 03 56 75 03 63 00 00 05 71 38 4E 
00 00 01 00 06 10 00 71 00 01 00 09 00 06 4E 75 06 63 00 00 05 71 47 6C 
00 00 01 00 02 10 00 71 00 01 00 08 00 02 56 75 02 63 00 00 05 71 43 68 
00 00 01 00 05 10 00 71 00 01 00 06 00 05 51 75 05 63 00 00 05 71 4E 6A 
00 00 01 00 05 10 00 71 00 02 00 06 00 04 54 75 04 63 00 00 05 71 4F 6B 
00 00 01 00 02 10 00 71 00 01 00 08 00 02 57 75 02 63 00 00 05 72 41 68 
00 00 01 00 03 10 00 71 00 01 00 09 00 03 57 75 03 63 00 00 05 72 42 6B 
00 00 01 00 05 10 00 71 00 01 00 06 00 05 52 75 05 63 00 00 05 72 4E 6B 
00 00 01 00 06 10 00 71 00 01 00 09 00 06 4F 75 06 63 00 00 05 72 47 6B 
00 00 01 00 05 10 00 71 00 02 00 06 00 04 55 75 04 63 00 00 05 72 4E 6B 
00 00 01 00 02 10 00 71 00 01 00 08 00 02 58 75 02 63 00 00 05 73 47 6B 
00 00 01 00 03 10 00 71 00 01 00 09 00 03 58 75 03 63 00 00 05 73 43 6A 
00 00 01 00 06 10 00 71 00 01 00 09 00 06 50 75 06 63 00 00 05 73 4A 6C 
00 00 01 00 05 10 00 71 00 01 00 06 00 05 53 75 05 63 00 00 05 73 49 6C 
00 00 01 00 05 10 00 71 00 02 00 06 00 04 56 75 04 63 00 00 05 73 4F 6C 
00 00 01 00 03 10 00 71 00 01 00 09 00 03 59 75 03 63 00 00 05 74 43 6B 
00 00 01 00 02 10 00 71 00 01 00 08 00 02 59 75 02 63 00 00 05 74 47 6C 
00 00 01 00 06 10 00 71 00 01 00 09 00 06 51 75 06 63 00 00 05 74 4B 6A 
00 00 01 00 05 10 00 71 00 01 00 06 00 05 54 75 05 63 00 00 05 74 4B 6B 
00 00 01 00 05 10 00 71 00 02 00 06 00 04 57 75 04 63 00 00 05 74 4F 6C 
00 00 01 00 02 10 00 71 00 01 00 07 00 02 5A 75 02 63 00 00 05 75 45 6A 
00 00 01 00 03 10 00 71 00 01 00 09 00 03 5A 75 03 63 00 00 05 75 4B 6C 
00 00 01 00 05 10 00 71 00 01 00 06 00 05 55 75 05 63 00 00 05 75 45 6B 
00 00 01 00 06 10 00 71 00 01 00 09 00 06 52 75 06 63 00 00 05 75 4B 6B 
00 00 01 00 05 10 00 71 00 02 00 06 00 04 58 75 04 63 00 00 05 75 4F 6B 
00 00 01 00 05 10 00 71 00 01 00 06 00 05 56 75 05 63 00 00 05 76 44 6B 
00 00 01 00 05 10 00 71 00 02 00 06 00 04 59 75 04 63 00 00 05 76 4F 6C 
00 00 01 00 03 10 00 71 00 01 00 08 00 03 5B 75 03 63 00 00 05 76 43 6B 
00 00 01 00 02 10 00 71 00 01 00 07 00 02 5B 75 02 63 00 00 05 76 43 6C 
00 00 01 00 06 10 00 71 00 01 00 09 00 06 53 75 06 63 00 00 05 76 49 6B 
00 00 01 00 02 10 00 71 00 01 00 07 00 02 5C 75 02 63 00 00 05 77 44 6C 
00 00 01 00 03 10 00 71 00 01 00 08 00 03 5C 75 03 63 00 00 05 77 40 68 
00 00 01 00 06 10 00 71 00 01 00 0A 00 06 54 75 06 63 00 00 05 77 41 6B 
00 00 01 00 05 10 00 71 00 01 00 05 00 05 57 75 05 63 00 00 05 77 4B 6C 
00 00 01 00 05 10 00 71 00 02 00 05 00 04 5A 75 04 63 00 00 05 77 45 6C 
00 00 01 00 05 10 00 71 00 01 00 05 00 05 58 75 05 63 00 00 05 78 4C 6B 
00 00 01 00 05 10 00 71 00 02 00 05 00 04 5B 75 04 63 00 00 05 78 4D 6C 
00 00 01 00 03 10 00 71 00 01 00 08 00 03 5D 75 03 63 00 00 05 78 46 6B 
00 00 01 00 02 10 00 71 00 01 00 07 00 02 5D 75 02 63 00 00 05 78 41 6B 
00 00 01 00 06 10 00 71 00 01 00 0A 00 06 55 75 06 63 00 00 05 78 4A 6B 
00 00 01 00 06 10 00 71 00 01 00 0A 00 06 56 75 06 63 00 00 05 79 4B 6C 
00 00 01 00 03 10 00 71 00 01 00 08 00 03 5E 75 03 63 00 00 05 79 4C 6C 
00 00 01 00 05 10 00 71 00 01 00 05 00 05 59 75 05 63 00 00 05 79 48 6C 
00 00 01 00 02 10 00 71 00 01 00 07 00 02 5E 75 02 63 00 00 05 79 46 6B 
00 00 01 00 05 10 00 71 00 01 00 05 00 05 59 75 05 63 00 00 05 79 48 6C 
00 00 01 00 05 10 00 71 00 02 00 05 00 04 5C 75 04 63 00 00 05 79 4D 6C 
00 00 01 00 03 10 00 71 00 01 00 08 00 03 5F 75 03 63 00 00 05 7A 49 6B 
00 00 01 00 02 10 00 71 00 01 00 07 00 02 5F 75 02 63 00 00 05 7A 41 6B 
00 00 01 00 06 10 00 71 00 01 00 0A 00 06 57 75 06 63 00 00 05 7A 4B 6A 
00 00 01 00 05 10 00 71 00 01 00 06 00 05 5A 75 05 63 00 00 05 7A 4F 6B 
00 00 01 00 05 10 00 71 00 02 00 06 00 04 5D 75 04 63 00 00 05 7A 4D 6B 
00 00 01 00 05 10 00 71 00 01 00 06 00 05 5B 75 05 63 00 00 05 7B 53 6B 
00 00 01 00 02 10 00 71 00 01 00 07 00 02 60 75 02 63 00 00 05 7B 41 6B 
00 00 01 00 05 10 00 71 00 02 00 06 00 04 5E 75 04 63 00 00 05 7B 49 6B 
00 00 01 00 03 10 00 71 00 01 00 08 00 03 60 75 03 63 00 00 05 7B 4B 6C 
00 00 01 00 06 10 00 71 00 01 00 0A 00 06 58 75 06 63 00 00 05 7B 4B 6C 
00 00 01 00 03 10 00 71 00 01 00 08 00 03 61 75 03 63 00 00 05 7C 4B 69 
00 00 01 00 02 10 00 71 00 01 00 07 00 02 61 75 02 63 00 00 05 7C 47 6B 
00 00 01 00 06 10 00 71 00 01 00 0B 00 06 59 75 06 63 00 00 05 7C 4B 6C 
00 00 01 00 05 10 00 71 00 01 00 06 00 05 5C 75 05 63 00 00 05 7C 51 6B 
00 00 01 00 05 10 00 71 00 02 00 06 00 04 5F 75 04 63 00 00 05 7C 4D 6C 
00 00 01 00 03 10 00 71 00 01 00 07 00 03 62 75 03 63 00 00 05 7D 49 6A 
00 00 01 00 02 10 00 71 00 01 00 06 00 02 62 75 02 63 00 00 05 7D 45 6A 
00 00 01 00 05 10 00 71 00 01 00 06 00 05 5D 75 05 63 00 00 05 7D 49 6B 
00 00 01 00 05 10 00 71 00 02 00 06 00 04 60 75 04 63 00 00 05 7D 4D 6B 
00 00 01 00 06 10 00 71 00 01 00 0B 00 06 5A 75 06 63 00 00 05 7D 4B 6B 
00 00 01 00 02 10 00 71 00 01 00 06 00 02 63 75 02 63 00 00 05 7E 44 6C 
00 00 01 00 06 10 00 71 00 01 00 0B 00 06 5B 75 06 63 00 00 05 7E 4D 6B 
00 00 01 00 03 10 00 71 00 01 00 07 00 03 63 75 03 63 00 00 05 7E 46 6B 
00 00 01 00 05 10 00 71 00 01 00 06 00 05 5E 75 05 63 00 00 05 7E 47 6A 
00 00 01 00 06 10 00 71 00 01 00 0B 00 06 5B 75 06 63 00 00 05 7E 4D 6B 
00 00 01 00 05 10 00 71 00 02 00 06 00 04 61 75 04 63 00 00 05 7E 51 6C 
00 00 01 00 02 10 00 71 00 01 00 06 00 02 64 75 02 63 00 00 05 7F 43 6B 
00 00 01 00 03 10 00 71 00 01 00 07 00 03 64 75 03 63 00 00 05 7F 48 6C 
00 00 01 00 06 10 00 71 00 01 00 0B 00 06 5C 75 06 63 00 00 05 7F 4C 6C 
00 00 01 00 05 10 00 71 00 01 00 07 00 05 5F 75 05 63 00 00 05 7F 51 6C 
00 00 01 00 05 10 00 71 00 02 00 07 00 04 62 75 04 63 00 00 05 7F 4B 6C 
00 00 01 00 05 10 00 71 00 01 00 07 00 05 60 75 05 63 00 00 05 80 4E 6B 
00 00 01 00 03 10 00 71 00 01 00 07 00 03 65 75 03 63 00 00 05 80 47 6B 
00 00 01 00 02 10 00 71 00 01 00 06 00 02 65 75 02 63 00 00 05 80 45 6A 
00 00 01 00 05 10 00 71 00 02 00 07 00 04 63 75 04 63 00 00 05 80 48 6B 
00 00 01 00 06 10 00 71 00 01 00 0B 00 06 5D 75 06 63 00 00 05 80 4D 6B 
00 00 01 00 05 10 00 71 00 01 00 07 00 05 61 75 05 63 00 00 05 81 45 6A 
00 00 01 00 06 10 00 71 00 01 00 0B 00 06 5E 75 06 63 00 00 05 81 4B 6B 
00 00 01 00 02 10 00 71 00 01 00 06 00 02 66 75 02 63 00 00 05 81 45 69 
00 00 01 00 05 10 00 71 00 02 00 06 00 04 64 75 04 63 00 00 05 81 48 6C 
00 00 01 00 03 10 00 71 00 01 00 07 00 03 66 75 03 63 00 00 05 81 46 6A 
00 00 01 00 06 10 00 71 00 01 00 0B 00 06 5F 75 06 63 00 00 05 82 45 6B 
00 00 01 00 02 10 00 71 00 01 00 05 00 02 67 75 02 63 00 00 05 82 3A 65 
00 00 01 00 06 10 00 71 00 01 00 0B 00 06 5F 75 06 63 00 00 05 82 45 6B 
00 00 01 00 03 10 00 71 00 01 00 07 00 03 67 75 03 63 00 00 05 82 46 6A 
00 00 01 00 05 10 00 71 00 01 00 06 00 05 62 75 05 63 00 00 05 82 4F 6B 
00 00 01 00 05 10 00 71 00 02 00 06 00 04 65 75 04 63 00 00 05 82 4F 6C 
00 00 01 00 05 10 00 71 00 01 00 06 00 05 63 75 05 63 00 00 05 83 4B 6B 
00 00 01 00 03 10 00 71 00 01 00 07 00 03 68 75 03 63 00 00 05 83 4D 6A 
00 00 01 00 02 10 00 71 00 01 00 05 00 02 68 75 02 63 00 00 05 83 37 40 
00 00 01 00 05 10 00 71 00 02 00 06 00 04 66 75 04 63 00 00 05 83 4B 6C 
00 00 01 00 06 10 00 71 00 01 00 0B 00 06 60 75 06 63 00 00 05 83 4E 6C 
00 00 01 00 02 10 00 71 00 01 00 05 00 02 69 75 02 63 00 00 05 84 41 6C 
00 00 01 00 05 10 00 71 00 01 00 06 00 05 64 75 05 63 00 00 05 84 48 6B 
00 00 01 00 03 10 00 71 00 01 00 07 00 03 69 75 03 63 00 00 05 84 47 6A 
00 00 01 00 06 10 00 71 00 01 00 0B 00 06 61 75 06 63 00 00 05 84 45 6B 
00 00 01 00 05 10 00 71 00 02 00 06 00 04 67 75 04 63 00 00 05 84 4F 6C 
00 00 01 00 03 10 00 71 00 01 00 07 00 03 6A 75 03 63 00 00 05 85 43 6A 
00 00 01 00 06 10 00 71 00 01 00 0B 00 06 62 75 06 63 00 00 05 85 4B 6C 
00 00 01 00 02 10 00 71 00 01 00 05 00 02 6A 75 02 63 00 00 05 85 3F 69 
00 00 01 00 05 10 00 71 00 01 00 06 00 05 65 75 05 63 00 00 05 85 4B 6B 
00 00 01 00 02 10 00 71 00 01 00 05 00 02 6A 75 02 63 00 00 05 85 3F 69 
00 00 01 00 05 10 00 71 00 02 00 06 00 04 68 75 04 63 00 00 05 85 4F 6C 
00 00 01 00 06 10 00 71 00 01 00 0B 00 06 63 75 06 63 00 00 05 86 45 6B 
00 00 01 00 02 10 00 71 00 01 00 05 00 02 6B 75 02 63 00 00 05 86 3F 69 
00 00 01 00 03 10 00 71 00 01 00 07 00 03 6B 75 03 63 00 00 05 86 45 6B 
00 00 01 00 05 10 00 71 00 01 00 06 00 05 66 75 05 63 00 00 05 86 4C 6C 
00 00 01 00 05 10 00 71 00 02 00 06 00 04 69 75 04 63 00 00 05 86 4F 6C 
00 00 01 00 02 10 00 71 00 01 00 05 00 02 6C 75 02 63 00 00 05 87 41 6A 
00 00 01 00 03 10 00 71 00 01 00 07 00 03 6C 75 03 63 00 00 05 87 46 69 
00 00 01 00 05 10 00 71 00 01 00 06 00 05 67 75 05 63 00 00 05 87 4C 6B 
00 00 01 00 05 10 00 71 00 02 00 06 00 04 6A 75 04 63 00 00 05 87 4F 6C 
00 00 01 00 06 10 00 71 00 01 00 0B 00 06 64 75 06 63 00 00 05 87 48 6C 
00 00 01 00 02 10 00 71 00 01 00 05 00 02 6D 75 02 63 00 00 05 88 40 6B 
00 00 01 00 03 10 00 71 00 01 00 07 00 03 6D 75 03 63 00 00 05 88 4B 6B 
00 00 01 00 05 10 00 71 00 01 00 06 00 05 68 75 05 63 00 00 05 88 4D 6B 
00 00 01 00 06 10 00 71 00 01 00 0B 00 06 65 75 06 63 00 00 05 88 4B 6C 
00 00 01 00 05 10 00 71 00 02 00 06 00 04 6B 75 04 63 00 00 05 88 4E 6B 
00 00 01 00 03 10 00 71 00 01 00 07 00 03 6E 75 03 63 00 00 05 89 4A 6B 
00 00 01 00 05 10 00 71 00 01 00 06 00 05 69 75 05 63 00 00 05 89 4E 6A 
00 00 01 00 02 10 00 71 00 01 00 05 00 02 6E 75 02 63 00 00 05 89 3C 68 
00 00 01 00 05 10 00 71 00 02 00 06 00 04 6C 75 04 63 00 00 05 89 4F 6C 
00 00 01 00 06 10 00 71 00 01 00 0B 00 06 66 75 06 63 00 00 05 89 4D 6C 
00 00 01 00 06 10 00 71 00 01 00 0B 00 06 67 75 06 63 00 00 05 8A 4A 6C 
00 00 01 00 05 10 00 71 00 01 00 06 00 05 6A 75 05 63 00 00 05 8A 51 6B 
00 00 01 00 02 10 00 71 00 01 00 05 00 02 6F 75 02 63 00 00 05 8A 3D 69 
00 00 01 00 03 10 00 71 00 01 00 07 00 03 6F 75 03 63 00 00 05 8A 4B 6A 
00 00 01 00 05 10 00 71 00 02 00 06 00 04 6D 75 04 63 00 00 05 8A 4F 6B 
00 00 01 00 05 10 00 71 00 01 00 05 00 05 6B 75 05 63 00 00 05 8B 50 6C 
00 00 01 00 06 10 00 71 00 01 00 0B 00 06 68 75 06 63 00 00 05 8B 49 6B 
00 00 01 00 05 10 00 71 00 02 00 05 00 04 6E 75 04 63 00 00 05 8B 4D 6C 
00 00 01 00 03 10 00 71 00 01 00 07 00 03 70 75 03 63 00 00 05 8B 4A 6A 
00 00 01 00 02 10 00 71 00 01 00 05 00 02 70 75 02 63 00 00 05 8B 3E 6B 
00 00 01 00 06 10 00 71 00 01 00 0B 00 06 69 75 06 63 00 00 05 8C 4B 6A 
00 00 01 00 02 10 00 71 00 01 00 05 00 02 71 75 02 63 00 00 05 8C 3D 68 
00 00 01 00 05 10 00 71 00 01 00 05 00 05 6C 75 05 63 00 00 05 8C 52 6B 
00 00 01 00 05 10 00 71 00 02 00 05 00 04 6F 75 04 63 00 00 05 8C 4D 6C 
00 00 01 00 03 10 00 71 00 01 00 07 00 03 71 75 03 63 00 00 05 8C 4B 69 
00 00 01 00 02 10 00 71 00 01 00 05 00 02 71 75 02 63 00 00 05 8C 3D 68 
00 00 01 00 02 10 00 71 00 01 00 05 00 02 72 75 02 63 00 00 05 8D 3D 66 
00 00 01 00 03 10 00 71 00 01 00 07 00 03 72 75 03 63 00 00 05 8D 4A 6B 
00 00 01 00 05 10 00 71 00 01 00 05 00 05 6D 75 05 63 00 00 05 8D 52 6C 
00 00 01 00 06 10 00 71 00 01 00 0B 00 06 6A 75 06 63 00 00 05 8D 4B 6B 
00 00 01 00 05 10 00 71 00 02 00 05 00 04 70 75 04 63 00 00 05 8D 4D 6C 
00 00 01 00 03 10 00 71 00 01 00 07 00 03 73 75 03 63 00 00 05 8E 48 6B 
00 00 01 00 05 10 00 71 00 01 00 05 00 05 6E 75 05 63 00 00 05 8E 4F 6B 
00 00 01 00 02 10 00 71 00 01 00 05 00 02 73 75 02 63 00 00 05 8E 3C 68 
00 00 01 00 05 10 00 71 00 01 00 05 00 05 6E 75 05 63 00 00 05 8E 4F 6B 
00 00 01 00 06 10 00 71 00 01 00 0B 00 06 6B 75 06 63 00 00 05 8E 4B 6B 
00 00 01 00 05 10 00 71 00 02 00 05 00 04 71 75 04 63 00 00 05 8E 4F 6C 
00 00 01 00 05 10 00 71 00 01 00 05 00 05 6F 75 05 63 00 00 05 8F 51 6A 
00 00 01 00 05 10 00 71 00 02 00 05 00 04 72 75 04 63 00 00 05 8F 4F 6C 
00 00 01 00 03 10 00 71 00 01 00 07 00 03 74 75 03 63 00 00 05 8F 47 6B 
00 00 01 00 02 10 00 71 00 01 00 05 00 02 74 75 02 63 00 00 05 8F 3B 64 
00 00 01 00 06 10 00 71 00 01 00 0B 00 06 6C 75 06 63 00 00 05 8F 4B 6A 
00 00 01 00 05 10 00 71 00 01 00 05 00 05 70 75 05 63 00 00 05 90 4F 6B 
00 00 01 00 05 10 00 71 00 02 00 05 00 04 73 75 04 63 00 00 05 90 4F 6B 
00 00 01 00 03 10 00 71 00 01 00 07 00 03 75 75 03 63 00 00 05 90 46 69 
00 00 01 00 06 10 00 71 00 01 00 0B 00 06 6D 75 06 63 00 00 05 90 4A 6A 
00 00 01 00 02 10 00 71 00 01 00 05 00 02 75 75 02 63 00 00 05 90 3C 64 
00 00 01 00 03 10 00 71 00 01 00 08 00 03 75 75 03 63 00 00 05 90 46 69 
00 00 01 00 02 10 00 71 00 01 00 05 00 02 76 75 02 63 00 00 05 91 3E 6A 
00 00 01 00 03 10 00 71 00 01 00 09 00 03 76 75 03 63 00 00 05 91 46 6C 
00 00 01 00 06 10 00 71 00 01 00 0B 00 06 6E 75 06 63 00 00 05 91 4B 6B 
00 00 01 00 05 10 00 71 00 01 00 05 00 05 71 75 05 63 00 00 05 91 4F 6B 
00 00 01 00 05 10 00 71 00 02 00 05 00 04 74 75 04 63 00 00 05 91 4F 6C 
00 00 01 00 06 10 00 71 00 01 00 0B 00 06 6F 75 06 63 00 00 05 92 4B 6B 
00 00 01 00 02 10 00 71 00 01 00 05 00 02 77 75 02 63 00 00 05 92 3E 6A 
00 00 01 00 03 10 00 71 00 01 00 09 00 03 77 75 03 63 00 00 05 92 46 6B 
00 00 01 00 05 10 00 71 00 01 00 05 00 05 72 75 05 63 00 00 05 92 4F 6C 
00 00 01 00 05 10 00 71 00 02 00 05 00 04 75 75 04 63 00 00 05 92 4F 6C 
00 00 01 00 02 10 00 71 00 01 00 05 00 02 78 75 02 63 00 00 05 93 3F 6B 
00 00 01 00 06 10 00 71 00 01 00 0B 00 06 70 75 06 63 00 00 05 93 4D 6C 
00 00 01 00 05 10 00 71 00 01 00 05 00 05 73 75 05 63 00 00 05 93 4F 6A 
00 00 01 00 03 10 00 71 00 01 00 09 00 03 78 75 03 63 00 00 05 93 4A 6B 
00 00 01 00 05 10 00 71 00 02 00 05 00 04 76 75 04 63 00 00 05 93 4F 6C 
00 00 01 00 02 10 00 71 00 01 00 05 00 02 79 75 02 63 00 00 05 94 3F 6A 
00 00 01 00 05 10 00 71 00 01 00 05 00 05 74 75 05 63 00 00 05 94 4F 6C 
00 00 01 00 05 10 00 71 00 02 00 05 00 04 77 75 04 63 00 00 05 94 4D 6C 
00 00 01 00 06 10 00 71 00 01 00 0A 00 06 71 75 06 63 00 00 05 94 4C 6C 
00 00 01 00 03 10 00 71 00 01 00 09 00 03 79 75 03 63 00 00 05 94 4B 6B 
00 00 01 00 03 10 00 71 00 01 00 09 00 03 7A 75 03 63 00 00 05 95 4E 69 
00 00 01 00 05 10 00 71 00 01 00 05 00 05 75 75 05 63 00 00 05 95 51 6C 
00 00 01 00 06 10 00 71 00 01 00 0A 00 06 72 75 06 63 00 00 05 95 4D 6B 
00 00 01 00 02 10 00 71 00 01 00 05 00 02 7A 75 02 63 00 00 05 95 3B 62 
00 00 01 00 05 10 00 71 00 02 00 05 00 04 78 75 04 63 00 00 05 95 44 6C 
00 00 01 00 05 10 00 71 00 01 00 05 00 05 76 75 05 63 00 00 05 96 4D 6C 
00 00 01 00 03 10 00 71 00 01 00 09 00 03 7B 75 03 63 00 00 05 96 4D 6A 
00 00 01 00 02 10 00 71 00 01 00 05 00 02 7B 75 02 63 00 00 05 96 3A 67 
00 00 01 00 05 10 00 71 00 02 00 05 00 04 79 75 04 63 00 00 05 96 48 6B 
00 00 01 00 06 10 00 71 00 01 00 0A 00 06 73 75 06 63 00 00 05 96 47 6C 
00 00 01 00 02 10 00 71 00 01 00 05 00 02 7C 75 02 63 00 00 05 97 38 54 
00 00 01 00 03 10 00 71 00 01 00 08 00 03 7C 75 03 63 00 00 05 97 4D 6B 
00 00 01 00 06 10 00 71 00 01 00 0A 00 06 74 75 06 63 00 00 05 97 46 6C 
00 00 01 00 05 10 00 71 00 01 00 05 00 05 77 75 05 63 00 00 05 97 4F 6C 
00 00 01 00 03 10 00 71 00 01 00 08 00 03 7C 75 03 63 00 00 05 97 4D 6B 
00 00 01 00 05 10 00 71 00 02 00 05 00 04 7A 75 04 63 00 00 05 97 49 6C 
00 00 01 00 06 10 00 71 00 01 00 0A 00 06 75 75 06 63 00 00 05 98 4A 6A 
00 00 01 00 02 10 00 71 00 01 00 05 00 02 7D 75 02 63 00 00 05 98 3B 62 
00 00 01 00 05 10 00 71 00 01 00 05 00 05 78 75 05 63 00 00 05 98 4F 6C 
00 00 01 00 03 10 00 71 00 01 00 08 00 03 7D 75 03 63 00 00 05 98 4F 6C 
00 00 01 00 05 10 00 71 00 02 00 05 00 04 7B 75 04 63 00 00 05 98 46 6B 
00 00 01 00 05 10 00 71 00 01 00 05 00 05 79 75 05 63 00 00 05 99 4F 6B 
00 00 01 00 02 10 00 71 00 01 00 05 00 02 7E 75 02 63 00 00 05 99 37 5A 
00 00 01 00 03 10 00 71 00 01 00 08 00 03 7E 75 03 63 00 00 05 99 4D 6A 
00 00 01 00 05 10 00 71 00 02 00 05 00 04 7C 75 04 63 00 00 05 99 4C 6C 
00 00 01 00 02 10 00 71 00 01 00 05 00 02 7E 75 02 63 00 00 05 99 37 5A 
00 00 01 00 06 10 00 71 00 01 00 0A 00 06 76 75 06 63 00 00 05 99 4B 6B 
00 00 01 00 05 10 00 71 00 01 00 05 00 05 7A 75 05 63 00 00 05 9A 4F 6A 
00 00 01 00 05 10 00 71 00 02 00 05 00 04 7D 75 04 63 00 00 05 9A 4D 6B 
00 00 01 00 03 10 00 71 00 01 00 08 00 03 7F 75 03 63 00 00 05 9A 4A 6C 
00 00 01 00 02 10 00 71 00 01 00 05 00 02 7F 75 02 63 00 00 05 9A 38 5F 
00 00 01 00 06 10 00 71 00 01 00 0A 00 06 77 75 06 63 00 00 05 9A 49 6C 
00 00 01 00 03 10 00 71 00 01 00 08 00 03 80 75 03 63 00 00 05 9B 4D 6B 
00 00 01 00 05 10 00 71 00 01 00 05 00 05 7B 75 05 63 00 00 05 9B 4D 6B 
00 00 01 00 05 10 00 71 00 02 00 05 00 04 7E 75 04 63 00 00 05 9B 49 6C 
00 00 01 00 06 10 00 71 00 01 00 0A 00 06 78 75 06 63 00 00 05 9B 45 6A 
00 00 01 00 06 10 00 71 00 01 00 0B 00 06 79 75 06 63 00 00 05 9C 43 6B 
00 00 01 00 03 10 00 71 00 01 00 08 00 03 81 75 03 63 00 00 05 9C 4D 6C 
00 00 01 00 02 10 00 71 00 01 00 06 00 02 80 75 02 63 00 00 05 9C 3B 63 
00 00 01 00 05 10 00 71 00 01 00 05 00 05 7C 75 05 63 00 00 05 9C 4F 6B 
00 00 01 00 05 10 00 71 00 02 00 05 00 04 7F 75 04 63 00 00 05 9C 46 6C 
00 00 01 00 03 10 00 71 00 01 00 08 00 03 81 75 03 63 00 00 05 9C 4D 6C 
00 00 01 00 06 10 00 71 00 01 00 0B 00 06 7A 75 06 63 00 00 05 9D 3F 6B 
00 00 01 00 03 10 00 71 00 01 00 08 00 03 82 75 03 63 00 00 05 9D 4D 6B 
00 00 01 00 05 10 00 71 00 01 00 05 00 05 7D 75 05 63 00 00 05 9D 4E 6C 
00 00 01 00 02 10 00 71 00 01 00 06 00 02 81 75 02 63 00 00 05 9D 37 4B 
00 00 01 00 05 10 00 71 00 02 00 05 00 04 80 75 04 63 00 00 05 9D 47 6C 
00 00 01 00 05 10 00 71 00 01 00 05 00 05 7E 75 05 63 00 00 05 9E 4E 6C 
00 00 01 00 03 10 00 71 00 01 00 08 00 03 83 75 03 63 00 00 05 9E 4D 6B 
00 00 01 00 02 10 00 71 00 01 00 06 00 02 82 75 02 63 00 00 05 9E 38 59 
00 00 01 00 06 10 00 71 00 01 00 0B 00 06 7B 75 06 63 00 00 05 9E 43 6B 
00 00 01 00 05 10 00 71 00 02 00 05 00 04 81 75 04 63 00 00 05 9E 46 6C 
00 00 01 00 03 10 00 71 00 01 00 08 00 03 84 75 03 63 00 00 05 9F 4E 6B 
00 00 01 00 05 10 00 71 00 01 00 05 00 05 7F 75 05 63 00 00 05 9F 4F 6B 
00 00 01 00 02 10 00 71 00 01 00 06 00 02 83 75 02 63 00 00 05 9F 37 5C 
00 00 01 00 05 10 00 71 00 02 00 05 00 04 82 75 04 63 00 00 05 9F 42 6C 
00 00 01 00 06 10 00 71 00 01 00 0B 00 06 7C 75 06 63 00 00 05 9F 43 6B 
00 00 01 00 05 10 00 71 00 01 00 05 00 05 80 75 05 63 00 00 05 A0 51 6B 
00 00 01 00 03 10 00 71 00 01 00 08 00 03 85 75 03 63 00 00 05 A0 4F 6C 
00 00 01 00 02 10 00 71 00 01 00 06 00 02 84 75 02 63 00 00 05 A0 39 5A 
00 00 01 00 06 10 00 71 00 01 00 0B 00 06 7D 75 06 63 00 00 05 A0 47 6C 
00 00 01 00 05 10 00 71 00 02 00 05 00 04 83 75 04 63 00 00 05 A0 44 6C 
00 00 01 00 06 10 00 71 00 01 00 0B 00 06 7E 75 06 63 00 00 05 A1 45 6A 
00 00 01 00 02 10 00 71 00 01 00 06 00 02 85 75 02 63 00 00 05 A1 3D 69 
00 00 01 00 05 10 00 71 00 01 00 05 00 05 81 75 05 63 00 00 05 A1 4F 6B 
00 00 01 00 03 10 00 71 00 01 00 07 00 03 86 75 03 63 00 00 05 A1 49 6C 
00 00 01 00 05 10 00 71 00 02 00 05 00 04 84 75 04 63 00 00 05 A1 4F 6C 
00 00 01 00 06 10 00 71 00 01 00 0B 00 06 7F 75 06 63 00 00 05 A2 45 6C 
00 00 01 00 05 10 00 71 00 01 00 05 00 05 82 75 05 63 00 00 05 A2 4E 6C 
00 00 01 00 02 10 00 71 00 01 00 06 00 02 86 75 02 63 00 00 05 A2 3B 68 
00 00 01 00 05 10 00 71 00 02 00 05 00 04 85 75 04 63 00 00 05 A2 4B 6C 
00 00 01 00 03 10 00 71 00 01 00 07 00 03 87 75 03 63 00 00 05 A2 4D 6C 
00 00 01 00 05 10 00 71 00 01 00 05 00 05 83 75 05 63 00 00 05 A3 4F 6A 
00 00 01 00 05 10 00 71 00 02 00 05 00 04 86 75 04 63 00 00 05 A3 45 6B 
00 00 01 00 06 10 00 71 00 01 00 0A 00 06 80 75 06 63 00 00 05 A3 3E 69 
00 00 01 00 03 10 00 71 00 01 00 08 00 03 88 75 03 63 00 00 05 A3 4E 6B 
00 00 01 00 02 10 00 71 00 01 00 06 00 02 87 75 02 63 00 00 05 A3 3D 69 
00 00 01 00 03 10 00 71 00 01 00 08 00 03 89 75 03 63 00 00 05 A4 4F 6A 
00 00 01 00 05 10 00 71 00 01 00 05 00 05 84 75 05 63 00 00 05 A4 51 6B 
00 00 01 00 02 10 00 71 00 01 00 06 00 02 88 75 02 63 00 00 05 A4 3D 6B 
00 00 01 00 05 10 00 71 00 02 00 05 00 04 87 75 04 63 00 00 05 A4 44 6A 
00 00 01 00 06 10 00 71 00 01 00 0A 00 06 81 75 06 63 00 00 05 A4 3F 6B 
00 00 01 00 02 10 00 71 00 01 00 06 00 02 88 75 02 63 00 00 05 A4 3D 6B 
00 00 01 00 02 10 00 71 00 01 00 06 00 02 89 75 02 63 00 00 05 A5 3F 69 
00 00 01 00 03 10 00 71 00 01 00 08 00 03 8A 75 03 63 00 00 05 A5 4E 6C 
00 00 01 00 05 10 00 71 00 01 00 05 00 05 85 75 05 63 00 00 05 A5 50 6C 
00 00 01 00 06 10 00 71 00 01 00 0A 00 06 82 75 06 63 00 00 05 A5 43 6B 
00 00 01 00 05 10 00 71 00 02 00 05 00 04 88 75 04 63 00 00 05 A5 47 6B 
00 00 01 00 06 10 00 71 00 01 00 0A 00 06 83 75 06 63 00 00 05 A6 45 6C 
00 00 01 00 02 10 00 71 00 01 00 06 00 02 8A 75 02 63 00 00 05 A6 3E 6A 
00 00 01 00 05 10 00 71 00 01 00 05 00 05 86 75 05 63 00 00 05 A6 4E 6B 
00 00 01 00 02 10 00 71 00 01 00 06 00 02 8A 75 02 63 00 00 05 A6 3E 6A 
00 00 01 00 03 10 00 71 00 01 00 08 00 03 8B 75 03 63 00 00 05 A6 4D 6C 
00 00 01 00 05 10 00 71 00 02 00 05 00 04 89 75 04 63 00 00 05 A6 4D 6C 
00 00 01 00 03 10 00 71 00 01 00 08 00 03 8C 75 03 63 00 00 05 A7 4D 6B 
00 00 01 00 02 10 00 71 00 01 00 06 00 02 8B 75 02 63 00 00 05 A7 3A 67 
00 00 01 00 06 10 00 71 00 01 00 0A 00 06 84 75 06 63 00 00 05 A7 46 6A 
00 00 01 00 05 10 00 71 00 01 00 05 00 05 87 75 05 63 00 00 05 A7 4E 6C 
00 00 01 00 05 10 00 71 00 02 00 05 00 04 8A 75 04 63 00 00 05 A7 4D 6C 
00 00 01 00 05 10 00 71 00 01 00 05 00 05 88 75 05 63 00 00 05 A8 4F 6B 
00 00 01 00 02 10 00 71 00 01 00 06 00 02 8C 75 02 63 00 00 05 A8 3B 66 
00 00 01 00 03 10 00 71 00 01 00 08 00 03 8D 75 03 63 00 00 05 A8 4D 6B 
00 00 01 00 06 10 00 71 00 01 00 0A 00 06 85 75 06 63 00 00 05 A8 42 6B 
00 00 01 00 05 10 00 71 00 02 00 05 00 04 8B 75 04 63 00 00 05 A8 4B 6C 
00 00 01 00 05 10 00 71 00 01 00 05 00 05 89 75 05 63 00 00 05 A9 4F 6B 
00 00 01 00 06 10 00 71 00 01 00 0A 00 06 86 75 06 63 00 00 05 A9 3D 6A 
00 00 01 00 03 10 00 71 00 01 00 08 00 03 8E 75 03 63 00 00 05 A9 4D 69 
00 00 01 00 02 10 00 71 00 01 00 06 00 02 8D 75 02 63 00 00 05 A9 38 59 
00 00 01 00 05 10 00 71 00 02 00 05 00 04 8C 75 04 63 00 00 05 A9 49 6C 
00 00 01 00 06 10 00 71 00 01 00 0A 00 06 86 75 06 63 00 00 05 A9 3D 6A 
00 00 01 00 05 10 00 71 00 01 00 05 00 05 8A 75 05 63 00 00 05 AA 4F 6A 
00 00 01 00 02 10 00 71 00 01 00 06 00 02 8E 75 02 63 00 00 05 AA 3D 66 
00 00 01 00 06 10 00 71 00 01 00 0A 00 06 87 75 06 63 00 00 05 AA 44 6C 
00 00 01 00 05 10 00 71 00 02 00 05 00 04 8D 75 04 63 00 00 05 AA 4B 6C 
00 00 01 00 03 10 00 71 00 01 00 07 00 03 8F 75 03 63 00 00 05 AA 4D 69 
00 00 01 00 02 10 00 71 00 01 00 06 00 02 8F 75 02 63 00 00 05 AB 3D 66 
00 00 01 00 05 10 00 71 00 01 00 05 00 05 8B 75 05 63 00 00 05 AB 4F 6A 
00 00 01 00 03 10 00 71 00 01 00 07 00 03 90 75 03 63 00 00 05 AB 4E 6C 
00 00 01 00 05 10 00 71 00 02 00 05 00 04 8E 75 04 63 00 00 05 AB 49 6C 
00 00 01 00 03 10 00 71 00 01 00 07 00 03 90 75 03 63 00 00 05 AB 4E 6C 
00 00 01 00 06 10 00 71 00 01 00 0A 00 06 88 75 06 63 00 00 05 AB 47 68 
00 00 01 00 02 10 00 71 00 01 00 05 00 02 90 75 02 63 00 00 05 AC 3D 69 
00 00 01 00 06 10 00 71 00 01 00 0A 00 06 89 75 06 63 00 00 05 AC 42 6C 
00 00 01 00 05 10 00 71 00 01 00 05 00 05 8C 75 05 63 00 00 05 AC 4F 6C 
00 00 01 00 03 10 00 71 00 01 00 07 00 03 91 75 03 63 00 00 05 AC 4E 6B 
00 00 01 00 05 10 00 71 00 02 00 05 00 04 8F 75 04 63 00 00 05 AC 44 6B 
00 00 01 00 05 10 00 71 00 01 00 05 00 05 8D 75 05 63 00 00 05 AD 50 6C 
00 00 01 00 03 10 00 71 00 01 00 07 00 03 92 75 03 63 00 00 05 AD 4F 6B 
00 00 01 00 02 10 00 71 00 01 00 05 00 02 91 75 02 63 00 00 05 AD 3D 65 
00 00 01 00 06 10 00 71 00 01 00 0A 00 06 8A 75 06 63 00 00 05 AD 42 69 
00 00 01 00 05 10 00 71 00 02 00 05 00 04 90 75 04 63 00 00 05 AD 41 6B 
00 00 01 00 03 10 00 71 00 01 00 07 00 03 92 75 03 63 00 00 05 AD 4F 6B 
00 00 01 00 06 10 00 71 00 01 00 0A 00 06 8B 75 06 63 00 00 05 AE 45 69 
00 00 01 00 02 10 00 71 00 01 00 05 00 02 92 75 02 63 00 00 05 AE 3E 6B 
00 00 01 00 05 10 00 71 00 01 00 05 00 05 8E 75 05 63 00 00 05 AE 50 6B 
00 00 01 00 03 10 00 71 00 01 00 07 00 03 93 75 03 63 00 00 05 AE 4E 6B 
00 00 01 00 05 10 00 71 00 02 00 05 00 04 91 75 04 63 00 00 05 AE 45 6C 
00 00 01 00 02 10 00 71 00 01 00 05 00 02 93 75 02 63 00 00 05 AF 3D 51 
00 00 01 00 05 10 00 71 00 01 00 05 00 05 8F 75 05 63 00 00 05 AF 51 6B 
00 00 01 00 03 10 00 71 00 01 00 07 00 03 94 75 03 63 00 00 05 AF 4F 6C 
00 00 01 00 06 10 00 71 00 01 00 0A 00 06 8C 75 06 63 00 00 05 AF 45 6A 
00 00 01 00 05 10 00 71 00 02 00 05 00 04 92 75 04 63 00 00 05 AF 44 6B 
00 00 01 00 03 10 00 71 00 01 00 07 00 03 95 75 03 63 00 00 05 B0 4F 6B 
00 00 01 00 02 10 00 71 00 01 00 05 00 02 94 75 02 63 00 00 05 B0 3D 68 
00 00 01 00 05 10 00 71 00 01 00 05 00 05 90 75 05 63 00 00 05 B0 51 6C 
00 00 01 00 06 10 00 71 00 01 00 09 00 06 8D 75 06 63 00 00 05 B0 43 6B 
00 00 01 00 05 10 00 71 00 02 00 05 00 04 93 75 04 63 00 00 05 B0 40 6C 
00 00 01 00 02 10 00 71 00 01 00 05 00 02 95 75 02 63 00 00 05 B1 3C 69 
00 00 01 00 06 10 00 71 00 01 00 09 00 06 8E 75 06 63 00 00 05 B1 43 6C 
00 00 01 00 03 10 00 71 00 01 00 07 00 03 96 75 03 63 00 00 05 B1 4F 6B 
00 00 01 00 05 10 00 71 00 01 00 05 00 05 91 75 05 63 00 00 05 B1 51 6C 
00 00 01 00 05 10 00 71 00 02 00 05 00 04 94 75 04 63 00 00 05 B1 43 6A 
00 00 01 00 05 10 00 71 00 02 00 05 00 04 94 75 04 63 00 00 05 B1 43 6A 
00 00 01 00 05 10 00 71 00 01 00 05 00 05 92 75 05 63 00 00 05 B2 53 6B 
00 00 01 00 02 10 00 71 00 01 00 05 00 02 96 75 02 63 00 00 05 B2 3C 68 
00 00 01 00 06 10 00 71 00 01 00 09 00 06 8F 75 06 63 00 00 05 B2 4B 6A 
00 00 01 00 02 10 00 71 00 01 00 05 00 02 96 75 02 63 00 00 05 B2 3C 68 
00 00 01 00 03 10 00 71 00 01 00 07 00 03 97 75 03 63 00 00 05 B2 50 6B 
00 00 01 00 05 10 00 71 00 02 00 05 00 04 95 75 04 63 00 00 05 B2 4B 6B 
00 00 01 00 06 10 00 71 00 01 00 09 00 06 90 75 06 63 00 00 05 B3 47 6C 
00 00 01 00 03 10 00 71 00 01 00 07 00 03 98 75 03 63 00 00 05 B3 50 6B 
00 00 01 00 02 10 00 71 00 01 00 05 00 02 97 75 02 63 00 00 05 B3 3D 68 
00 00 01 00 05 10 00 71 00 01 00 05 00 05 93 75 05 63 00 00 05 B3 52 6C 
00 00 01 00 05 10 00 71 00 02 00 05 00 04 96 75 04 63 00 00 05 B3 41 6C 
00 00 01 00 06 10 00 71 00 01 00 09 00 06 91 75 06 63 00 00 05 B4 4B 6A 
00 00 01 00 05 10 00 71 00 01 00 05 00 05 94 75 05 63 00 00 05 B4 50 6C 
00 00 01 00 02 10 00 71 00 01 00 05 00 02 98 75 02 63 00 00 05 B4 3D 66 
00 00 01 00 05 10 00 71 00 02 00 05 00 04 97 75 04 63 00 00 05 B4 3D 6C 
00 00 01 00 03 10 00 71 00 01 00 07 00 03 99 75 03 63 00 00 05 B4 4F 6C 
00 00 01 00 02 10 00 71 00 01 00 05 00 02 99 75 02 63 00 00 05 B5 3C 68 
00 00 01 00 03 10 00 71 00 01 00 08 00 03 9A 75 03 63 00 00 05 B5 4B 6A 
00 00 01 00 06 10 00 71 00 01 00 09 00 06 92 75 06 63 00 00 05 B5 4B 6A 
00 00 01 00 05 10 00 71 00 01 00 05 00 05 95 75 05 63 00 00 05 B5 47 6C 
00 00 01 00 05 10 00 71 00 02 00 05 00 04 98 75 04 63 00 00 05 B5 4B 6C 
00 00 01 00 05 10 00 71 00 01 00 05 00 05 96 75 05 63 00 00 05 B6 4D 6B 
00 00 01 00 02 10 00 71 00 01 00 05 00 02 9A 75 02 63 00 00 05 B6 3C 68 
00 00 01 00 05 10 00 71 00 02 00 05 00 04 99 75 04 63 00 00 05 B6 4F 6C 
00 00 01 00 06 10 00 71 00 01 00 09 00 06 93 75 06 63 00 00 05 B6 4B 68 
00 00 01 00 03 10 00 71 00 01 00 08 00 03 9B 75 03 63 00 00 05 B6 41 68 
00 00 01 00 02 10 00 71 00 01 00 05 00 02 9B 75 02 63 00 00 05 B7 40 68 
00 00 01 00 06 10 00 71 00 01 00 09 00 06 94 75 06 63 00 00 05 B7 4B 6C 
00 00 01 00 03 10 00 71 00 01 00 09 00 03 9C 75 03 63 00 00 05 B7 3F 69 
00 00 01 00 02 10 00 71 00 01 00 05 00 02 9B 75 02 63 00 00 05 B7 40 68 
00 00 01 00 05 10 00 71 00 01 00 05 00 05 97 75 05 63 00 00 05 B7 4F 6C 
00 00 01 00 05 10 00 71 00 02 00 05 00 04 9A 75 04 63 00 00 05 B7 4F 6C 
00 00 01 00 05 10 00 71 00 01 00 05 00 05 98 75 05 63 00 00 05 B8 4B 6B 
00 00 01 00 05 10 00 71 00 02 00 05 00 04 9B 75 04 63 00 00 05 B8 4F 6C 
00 00 01 00 06 10 00 71 00 01 00 09 00 06 95 75 06 63 00 00 05 B8 4A 6B 
00 00 01 00 02 10 00 71 00 01 00 05 00 02 9C 75 02 63 00 00 05 B8 41 6C 
00 00 01 00 03 10 00 71 00 01 00 09 00 03 9D 75 03 63 00 00 05 B8 46 6B 
00 00 01 00 02 10 00 71 00 01 00 05 00 02 9D 75 02 63 00 00 05 B9 42 68 
00 00 01 00 03 10 00 71 00 01 00 09 00 03 9E 75 03 63 00 00 05 B9 45 6A 
00 00 01 00 06 10 00 71 00 01 00 09 00 06 96 75 06 63 00 00 05 B9 49 6B 
00 00 01 00 05 10 00 71 00 01 00 05 00 05 99 75 05 63 00 00 05 B9 49 6B 
00 00 01 00 05 10 00 71 00 02 00 05 00 04 9C 75 04 63 00 00 05 B9 4F 6C 
00 00 01 00 02 10 00 71 00 01 00 05 00 02 9E 75 02 63 00 00 05 BA 43 69 
00 00 01 00 05 10 00 71 00 01 00 05 00 05 9A 75 05 63 00 00 05 BA 45 6C 
00 00 01 00 03 10 00 71 00 01 00 09 00 03 9F 75 03 63 00 00 05 BA 3F 69 
00 00 01 00 06 10 00 71 00 01 00 09 00 06 97 75 06 63 00 00 05 BA 4D 6C 
00 00 01 00 05 10 00 71 00 02 00 05 00 04 9D 75 04 63 00 00 05 BA 4F 6C 
00 00 01 00 05 10 00 71 00 01 00 05 00 05 9B 75 05 63 00 00 05 BB 4E 6C 
00 00 01 00 02 10 00 71 00 01 00 05 00 02 9F 75 02 63 00 00 05 BB 44 6A 
00 00 01 00 03 10 00 71 00 01 00 09 00 03 A0 75 03 63 00 00 05 BB 42 6A 
00 00 01 00 05 10 00 71 00 02 00 05 00 04 9E 75 04 63 00 00 05 BB 51 6B 
00 00 01 00 06 10 00 71 00 01 00 09 00 06 98 75 06 63 00 00 05 BB 4B 6A 
00 00 01 00 03 10 00 71 00 01 00 09 00 03 A1 75 03 63 00 00 05 BC 43 6B 
00 00 01 00 02 10 00 71 00 01 00 05 00 02 A0 75 02 63 00 00 05 BC 43 6C 
00 00 01 00 05 10 00 71 00 01 00 05 00 05 9C 75 05 63 00 00 05 BC 4C 6C 
00 00 01 00 06 10 00 71 00 01 00 09 00 06 99 75 06 63 00 00 05 BC 4C 6A 
00 00 01 00 05 10 00 71 00 02 00 05 00 04 9F 75 04 63 00 00 05 BC 4F 6C 
00 00 01 00 02 10 00 71 00 01 00 05 00 02 A1 75 02 63 00 00 05 BD 42 6A 
00 00 01 00 03 10 00 71 00 01 00 09 00 03 A2 75 03 63 00 00 05 BD 44 6B 
00 00 01 00 06 10 00 71 00 01 00 09 00 06 9A 75 06 63 00 00 05 BD 4E 6B 
00 00 01 00 05 10 00 71 00 01 00 05 00 05 9D 75 05 63 00 00 05 BD 46 68 
00 00 01 00 05 10 00 71 00 02 00 05 00 04 A0 75 04 63 00 00 05 BD 4F 6C 
00 00 01 00 05 10 00 71 00 01 00 05 00 05 9E 75 05 63 00 00 05 BE 41 6B 
00 00 01 00 02 10 00 71 00 01 00 05 00 02 A2 75 02 63 00 00 05 BE 43 6A 
00 00 01 00 03 10 00 71 00 01 00 09 00 03 A3 75 03 63 00 00 05 BE 43 6B 
00 00 01 00 05 10 00 71 00 02 00 05 00 04 A1 75 04 63 00 00 05 BE 50 6B 
00 00 01 00 06 10 00 71 00 01 00 0A 00 06 9B 75 06 63 00 00 05 BE 4D 6C 
00 00 01 00 02 10 00 71 00 01 00 05 00 02 A2 75 02 63 00 00 05 BE 43 6A 
00 00 01 00 05 10 00 71 00 01 00 05 00 05 9F 75 05 63 00 00 05 BF 46 6C 
00 00 01 00 06 10 00 71 00 01 00 0A 00 06 9C 75 06 63 00 00 05 BF 4F 6C 
00 00 01 00 03 10 00 71 00 01 00 09 00 03 A4 75 03 63 00 00 05 BF 43 68 
00 00 01 00 02 10 00 71 00 01 00 05 00 02 A3 75 02 63 00 00 05 BF 43 69 
00 00 01 00 05 10 00 71 00 02 00 05 00 04 A2 75 04 63 00 00 05 BF 4D 6B 
00 00 01 00 02 10 00 71 00 01 00 05 00 02 A4 75 02 63 00 00 05 C0 45 6B 
00 00 01 00 03 10 00 71 00 01 00 09 00 03 A5 75 03 63 00 00 05 C0 3E 68 
00 00 01 00 05 10 00 71 00 01 00 05 00 05 A0 75 05 63 00 00 05 C0 43 6B 
00 00 01 00 05 10 00 71 00 02 00 05 00 04 A3 75 04 63 00 00 05 C0 4F 6C 
00 00 01 00 03 10 00 71 00 01 00 09 00 03 A5 75 03 63 00 00 05 C0 3E 68 
00 00 01 00 06 10 00 71 00 01 00 0A 00 06 9D 75 06 63 00 00 05 C0 4E 6B 
