00 00 01 00 06 10 00 71 00 01 00 05 00 06 E5 75 06 63 00 00 02 F0 49 6C 
00 00 01 00 06 10 00 71 00 02 00 05 00 05 E8 75 05 63 00 00 02 F0 42 6B 
00 00 01 00 06 10 00 71 00 03 00 05 00 03 EE 75 03 63 00 00 02 F0 48 6B 
00 00 01 00 02 10 00 71 00 01 00 05 00 02 EB 75 02 63 00 00 02 F1 47 6C 
00 00 01 00 02 10 00 71 00 01 00 05 00 02 EB 75 02 63 00 00 02 F1 47 6C 
00 00 01 00 02 10 00 71 00 01 00 05 00 02 F6 75 02 63 00 00 02 FC 4B 6A 
00 00 01 00 06 10 00 71 00 01 00 05 00 06 F1 75 06 63 00 00 02 FC 45 6B 
00 00 01 00 06 10 00 71 00 02 00 05 00 05 F4 75 05 63 00 00 02 FC 50 6B 
00 00 01 00 06 10 00 71 00 02 00 05 00 04 F3 75 04 63 00 00 02 FC 51 6C 
00 00 01 00 06 10 00 71 00 03 00 05 00 03 FA 75 03 63 00 00 02 FC 42 6B 
00 00 01 00 06 10 00 71 00 01 00 05 00 06 F2 75 06 63 00 00 02 FD 49 6A 
00 00 01 00 02 10 00 71 00 01 00 05 00 02 F7 75 02 63 00 00 02 FD 4A 6B 
00 00 01 00 06 10 00 71 00 02 00 05 00 05 F5 75 05 63 00 00 02 FD 50 6B 
00 00 01 00 02 10 00 71 00 01 00 05 00 02 F7 75 02 63 00 00 02 FD 4A 6B 
00 00 01 00 06 10 00 71 00 02 00 05 00 04 F4 75 04 63 00 00 02 FD 4F 6C 
00 00 01 00 06 10 00 71 00 03 00 05 00 03 FB 75 03 63 00 00 02 FD 41 6A 
00 00 01 00 06 10 00 71 00 01 00 05 00 06 F3 75 06 63 00 00 02 FE 49 69 
00 00 01 00 02 10 00 71 00 01 00 05 00 02 F8 75 02 63 00 00 02 FE 4A 6C 
00 00 01 00 06 10 00 71 00 02 00 05 00 05 F6 75 05 63 00 00 02 FE 4E 6C 
00 00 01 00 02 10 00 71 00 01 00 05 00 02 F8 75 02 63 00 00 02 FE 4A 6C 
00 00 01 00 06 10 00 71 00 02 00 05 00 04 F5 75 04 63 00 00 02 FE 51 6C 
00 00 01 00 06 10 00 71 00 03 00 05 00 03 FC 75 03 63 00 00 02 FE 42 6B 
00 00 01 00 06 10 00 71 00 01 00 05 00 06 F4 75 06 63 00 00 02 FF 41 6B 
00 00 01 00 02 10 00 71 00 01 00 05 00 02 F9 75 02 63 00 00 02 FF 49 6A 
00 00 01 00 06 10 00 71 00 02 00 05 00 05 F7 75 05 63 00 00 02 FF 4F 6C 
00 00 01 00 02 10 00 71 00 01 00 06 00 02 F9 75 02 63 00 00 02 FF 49 6A 
00 00 01 00 06 10 00 71 00 03 00 05 00 03 FD 75 03 63 00 00 02 FF 43 6B 
00 00 01 00 06 10 00 71 00 02 00 05 00 04 F6 75 04 63 00 00 02 FF 52 6C 
00 00 01 00 06 10 00 71 00 01 00 05 00 06 F5 75 06 63 00 00 03 00 3D 67 
00 00 01 00 02 10 00 71 00 01 00 06 00 02 FA 75 02 63 00 00 03 00 49 6B 
00 00 01 00 06 10 00 71 00 02 00 05 00 04 F7 75 04 63 00 00 03 00 53 6C 
00 00 01 00 02 10 00 71 00 01 00 06 00 02 FA 75 02 63 00 00 03 00 49 6B 
00 00 01 00 06 10 00 71 00 02 00 05 00 05 F8 75 05 63 00 00 03 00 4C 6B 
00 00 01 00 06 10 00 71 00 03 00 05 00 03 FE 75 03 63 00 00 03 00 44 68 
00 00 01 00 02 10 00 71 00 01 00 06 00 02 FB 75 02 63 00 00 03 01 47 6A 
00 00 01 00 06 10 00 71 00 01 00 05 00 06 F6 75 06 63 00 00 03 01 43 6B 
00 00 01 00 06 10 00 71 00 02 00 05 00 04 F8 75 04 63 00 00 03 01 51 6C 
00 00 01 00 06 10 00 71 00 02 00 05 00 05 F9 75 05 63 00 00 03 01 52 6B 
00 00 01 00 06 10 00 71 00 03 00 05 00 03 FF 75 03 63 00 00 03 01 44 6A 
00 00 01 00 02 10 00 71 00 01 00 06 00 02 FC 75 02 63 00 00 03 02 4A 6C 
00 00 01 00 06 10 00 71 00 01 00 05 00 06 F7 75 06 63 00 00 03 02 4B 6C 
00 00 01 00 06 10 00 71 00 02 00 05 00 04 F9 75 04 63 00 00 03 02 4F 6C 
00 00 01 00 06 10 00 71 00 02 00 05 00 05 FA 75 05 63 00 00 03 02 4D 6B 
00 00 01 00 06 10 00 71 00 03 00 05 00 03 00 75 03 63 00 00 03 02 44 6C 
00 00 01 00 06 10 00 71 00 01 00 05 00 06 F8 75 06 63 00 00 03 03 3C 68 
00 00 01 00 02 10 00 71 00 01 00 06 00 02 FD 75 02 63 00 00 03 03 49 6C 
00 00 01 00 06 10 00 71 00 02 00 05 00 05 FB 75 05 63 00 00 03 03 51 6C 
00 00 01 00 02 10 00 71 00 01 00 06 00 02 FD 75 02 63 00 00 03 03 49 6C 
00 00 01 00 06 10 00 71 00 02 00 05 00 04 FA 75 04 63 00 00 03 03 54 6C 
00 00 01 00 06 10 00 71 00 03 00 05 00 03 01 75 03 63 00 00 03 03 3F 67 
00 00 01 00 02 10 00 71 00 01 00 06 00 02 FE 75 02 63 00 00 03 04 45 6B 
00 00 01 00 06 10 00 71 00 01 00 05 00 06 F9 75 06 63 00 00 03 04 45 6B 
00 00 01 00 06 10 00 71 00 02 00 05 00 05 FC 75 05 63 00 00 03 04 52 6B 
00 00 01 00 06 10 00 71 00 03 00 05 00 03 02 75 03 63 00 00 03 04 44 6A 
00 00 01 00 06 10 00 71 00 02 00 05 00 04 FB 75 04 63 00 00 03 04 55 6C 
00 00 01 00 02 10 00 71 00 01 00 06 00 02 FF 75 02 63 00 00 03 05 47 6C 
00 00 01 00 06 10 00 71 00 01 00 05 00 06 FA 75 06 63 00 00 03 05 4B 6C 
00 00 01 00 06 10 00 71 00 02 00 05 00 05 FD 75 05 63 00 00 03 05 51 6B 
00 00 01 00 06 10 00 71 00 02 00 05 00 04 FC 75 04 63 00 00 03 05 53 6C 
00 00 01 00 06 10 00 71 00 03 00 05 00 03 03 75 03 63 00 00 03 05 44 68 
00 00 01 00 06 10 00 71 00 01 00 05 00 06 FB 75 06 63 00 00 03 06 4B 6B 
00 00 01 00 02 10 00 71 00 01 00 06 00 02 00 75 02 63 00 00 03 06 47 6B 
00 00 01 00 06 10 00 71 00 02 00 05 00 05 FE 75 05 63 00 00 03 06 51 6C 
00 00 01 00 02 10 00 71 00 01 00 06 00 02 00 75 02 63 00 00 03 06 47 6B 
00 00 01 00 06 10 00 71 00 02 00 05 00 04 FD 75 04 63 00 00 03 06 52 6C 
00 00 01 00 06 10 00 71 00 03 00 05 00 03 04 75 03 63 00 00 03 06 44 6B 
00 00 01 00 06 10 00 71 00 01 00 05 00 06 FC 75 06 63 00 00 03 07 4D 6B 
00 00 01 00 02 10 00 71 00 01 00 06 00 02 01 75 02 63 00 00 03 07 47 6A 
00 00 01 00 06 10 00 71 00 02 00 05 00 04 FE 75 04 63 00 00 03 07 53 6C 
00 00 01 00 06 10 00 71 00 02 00 05 00 05 FF 75 05 63 00 00 03 07 4F 6B 
00 00 01 00 06 10 00 71 00 03 00 05 00 03 05 75 03 63 00 00 03 07 46 6A 
00 00 01 00 02 10 00 71 00 01 00 06 00 02 02 75 02 63 00 00 03 08 49 6B 
00 00 01 00 06 10 00 71 00 01 00 05 00 06 FD 75 06 63 00 00 03 08 4D 6C 
00 00 01 00 06 10 00 71 00 02 00 05 00 04 FF 75 04 63 00 00 03 08 52 6C 
00 00 01 00 06 10 00 71 00 02 00 05 00 05 00 75 05 63 00 00 03 08 4E 6C 
00 00 01 00 06 10 00 71 00 03 00 05 00 03 06 75 03 63 00 00 03 08 44 67 
00 00 01 00 02 10 00 71 00 01 00 06 00 02 03 75 02 63 00 00 03 09 49 6C 
00 00 01 00 06 10 00 71 00 01 00 05 00 06 FE 75 06 63 00 00 03 09 4D 6B 
00 00 01 00 06 10 00 71 00 02 00 05 00 05 01 75 05 63 00 00 03 09 4F 6C 
00 00 01 00 06 10 00 71 00 02 00 05 00 04 00 75 04 63 00 00 03 09 53 6C 
00 00 01 00 06 10 00 71 00 03 00 05 00 03 07 75 03 63 00 00 03 09 44 6A 
00 00 01 00 02 10 00 71 00 01 00 06 00 02 04 75 02 63 00 00 03 0A 49 6B 
00 00 01 00 06 10 00 71 00 01 00 05 00 06 FF 75 06 63 00 00 03 0A 4D 6C 
00 00 01 00 06 10 00 71 00 02 00 05 00 05 02 75 05 63 00 00 03 0A 4F 6A 
00 00 01 00 06 10 00 71 00 02 00 05 00 04 01 75 04 63 00 00 03 0A 52 6C 
00 00 01 00 06 10 00 71 00 03 00 05 00 03 08 75 03 63 00 00 03 0A 44 69 
00 00 01 00 02 10 00 71 00 01 00 05 00 02 05 75 02 63 00 00 03 0B 48 6C 
00 00 01 00 06 10 00 71 00 01 00 05 00 06 00 75 06 63 00 00 03 0B 4D 6C 
00 00 01 00 06 10 00 71 00 02 00 05 00 04 02 75 04 63 00 00 03 0B 52 6B 
00 00 01 00 06 10 00 71 00 02 00 05 00 05 03 75 05 63 00 00 03 0B 4F 6C 
00 00 01 00 06 10 00 71 00 03 00 05 00 03 09 75 03 63 00 00 03 0B 44 6B 
00 00 01 00 02 10 00 71 00 01 00 05 00 02 06 75 02 63 00 00 03 0C 49 6C 
00 00 01 00 06 10 00 71 00 01 00 05 00 06 01 75 06 63 00 00 03 0C 4D 6B 
00 00 01 00 06 10 00 71 00 02 00 05 00 04 03 75 04 63 00 00 03 0C 52 6C 
00 00 01 00 06 10 00 71 00 02 00 05 00 05 04 75 05 63 00 00 03 0C 4E 6B 
00 00 01 00 06 10 00 71 00 03 00 05 00 03 0A 75 03 63 00 00 03 0C 44 6B 
00 00 01 00 06 10 00 71 00 01 00 05 00 06 02 75 06 63 00 00 03 0D 4B 6B 
00 00 01 00 02 10 00 71 00 01 00 05 00 02 07 75 02 63 00 00 03 0D 49 6C 
00 00 01 00 06 10 00 71 00 02 00 05 00 04 04 75 04 63 00 00 03 0D 52 6C 
00 00 01 00 02 10 00 71 00 01 00 05 00 02 07 75 02 63 00 00 03 0D 49 6C 
00 00 01 00 06 10 00 71 00 02 00 05 00 05 05 75 05 63 00 00 03 0D 4D 6B 
00 00 01 00 06 10 00 71 00 03 00 05 00 03 0B 75 03 63 00 00 03 0D 44 6B 
00 00 01 00 06 10 00 71 00 01 00 05 00 06 03 75 06 63 00 00 03 0E 49 6C 
00 00 01 00 02 10 00 71 00 01 00 05 00 02 08 75 02 63 00 00 03 0E 4A 6C 
00 00 01 00 06 10 00 71 00 02 00 05 00 04 05 75 04 63 00 00 03 0E 52 6C 
00 00 01 00 06 10 00 71 00 02 00 05 00 05 06 75 05 63 00 00 03 0E 4C 6C 
00 00 01 00 06 10 00 71 00 03 00 05 00 03 0C 75 03 63 00 00 03 0E 45 69 
00 00 01 00 02 10 00 71 00 01 00 05 00 02 09 75 02 63 00 00 03 0F 49 6B 
00 00 01 00 06 10 00 71 00 01 00 05 00 06 04 75 06 63 00 00 03 0F 47 6C 
00 00 01 00 06 10 00 71 00 02 00 05 00 04 06 75 04 63 00 00 03 0F 52 6C 
00 00 01 00 06 10 00 71 00 02 00 05 00 05 07 75 05 63 00 00 03 0F 4D 6B 
00 00 01 00 06 10 00 71 00 03 00 05 00 03 0D 75 03 63 00 00 03 0F 40 68 
00 00 01 00 06 10 00 71 00 01 00 05 00 06 05 75 06 63 00 00 03 10 49 6C 
00 00 01 00 02 10 00 71 00 01 00 05 00 02 0A 75 02 63 00 00 03 10 4B 6B 
00 00 01 00 06 10 00 71 00 02 00 05 00 05 08 75 05 63 00 00 03 10 4F 6B 
00 00 01 00 02 10 00 71 00 01 00 05 00 02 0A 75 02 63 00 00 03 10 4B 6B 
00 00 01 00 06 10 00 71 00 02 00 05 00 04 07 75 04 63 00 00 03 10 53 6C 
00 00 01 00 06 10 00 71 00 03 00 05 00 03 0E 75 03 63 00 00 03 10 40 68 
00 00 01 00 02 10 00 71 00 01 00 05 00 02 0B 75 02 63 00 00 03 11 4A 6A 
00 00 01 00 06 10 00 71 00 01 00 05 00 06 06 75 06 63 00 00 03 11 4D 69 
00 00 01 00 06 10 00 71 00 02 00 05 00 05 09 75 05 63 00 00 03 11 52 6C 
00 00 01 00 06 10 00 71 00 02 00 05 00 04 08 75 04 63 00 00 03 11 53 6C 
00 00 01 00 06 10 00 71 00 03 00 05 00 03 0F 75 03 63 00 00 03 11 41 6A 
00 00 01 00 02 10 00 71 00 01 00 05 00 02 0C 75 02 63 00 00 03 12 4B 6C 
00 00 01 00 06 10 00 71 00 01 00 05 00 06 07 75 06 63 00 00 03 12 4B 6C 
00 00 01 00 06 10 00 71 00 02 00 05 00 04 09 75 04 63 00 00 03 12 53 6C 
00 00 01 00 06 10 00 71 00 02 00 05 00 05 0A 75 05 63 00 00 03 12 51 6B 
00 00 01 00 06 10 00 71 00 03 00 05 00 03 10 75 03 63 00 00 03 12 40 69 
00 00 01 00 06 10 00 71 00 01 00 05 00 06 08 75 06 63 00 00 03 13 45 6B 
00 00 01 00 02 10 00 71 00 01 00 05 00 02 0D 75 02 63 00 00 03 13 4B 6B 
00 00 01 00 06 10 00 71 00 02 00 05 00 05 0B 75 05 63 00 00 03 13 4D 6C 
00 00 01 00 06 10 00 71 00 02 00 05 00 04 0A 75 04 63 00 00 03 13 54 6C 
00 00 01 00 06 10 00 71 00 03 00 05 00 03 11 75 03 63 00 00 03 13 3E 68 
00 00 01 00 06 10 00 71 00 01 00 05 00 06 09 75 06 63 00 00 03 14 45 6B 
00 00 01 00 02 10 00 71 00 01 00 05 00 02 0E 75 02 63 00 00 03 14 4B 6B 
00 00 01 00 06 10 00 71 00 02 00 05 00 04 0B 75 04 63 00 00 03 14 54 6C 
00 00 01 00 02 10 00 71 00 01 00 05 00 02 0E 75 02 63 00 00 03 14 4B 6B 
00 00 01 00 06 10 00 71 00 02 00 05 00 05 0C 75 05 63 00 00 03 14 4F 6B 
00 00 01 00 06 10 00 71 00 03 00 05 00 03 12 75 03 63 00 00 03 14 3F 6A 
00 00 01 00 02 10 00 71 00 01 00 05 00 02 0F 75 02 63 00 00 03 15 4B 69 
00 00 01 00 06 10 00 71 00 01 00 05 00 06 0A 75 06 63 00 00 03 15 45 6B 
00 00 01 00 06 10 00 71 00 02 00 05 00 04 0C 75 04 63 00 00 03 15 54 6C 
00 00 01 00 06 10 00 71 00 02 00 05 00 05 0D 75 05 63 00 00 03 15 4D 6C 
00 00 01 00 06 10 00 71 00 03 00 05 00 03 13 75 03 63 00 00 03 15 40 67 
00 00 01 00 02 10 00 71 00 01 00 05 00 02 10 75 02 63 00 00 03 16 4B 6C 
00 00 01 00 06 10 00 71 00 01 00 05 00 06 0B 75 06 63 00 00 03 16 44 6A 
00 00 01 00 06 10 00 71 00 02 00 05 00 04 0D 75 04 63 00 00 03 16 53 6B 
00 00 01 00 06 10 00 71 00 02 00 05 00 05 0E 75 05 63 00 00 03 16 4E 6B 
00 00 01 00 06 10 00 71 00 03 00 05 00 03 14 75 03 63 00 00 03 16 40 67 
00 00 01 00 02 10 00 71 00 01 00 05 00 02 11 75 02 63 00 00 03 17 4B 6C 
00 00 01 00 06 10 00 71 00 01 00 05 00 06 0C 75 06 63 00 00 03 17 45 6C 
00 00 01 00 06 10 00 71 00 02 00 05 00 04 0E 75 04 63 00 00 03 17 53 6C 
00 00 01 00 06 10 00 71 00 02 00 05 00 05 0F 75 05 63 00 00 03 17 4F 6C 
00 00 01 00 06 10 00 71 00 03 00 05 00 03 15 75 03 63 00 00 03 17 41 6B 
00 00 01 00 02 10 00 71 00 01 00 05 00 02 12 75 02 63 00 00 03 18 4B 6C 
00 00 01 00 06 10 00 71 00 01 00 05 00 06 0D 75 06 63 00 00 03 18 44 6B 
00 00 01 00 06 10 00 71 00 02 00 05 00 04 0F 75 04 63 00 00 03 18 53 6C 
00 00 01 00 06 10 00 71 00 02 00 05 00 05 10 75 05 63 00 00 03 18 4F 6C 
00 00 01 00 06 10 00 71 00 03 00 05 00 03 16 75 03 63 00 00 03 18 41 68 
00 00 01 00 02 10 00 71 00 01 00 05 00 02 13 75 02 63 00 00 03 19 4B 6B 
00 00 01 00 06 10 00 71 00 01 00 05 00 06 0E 75 06 63 00 00 03 19 45 6B 
00 00 01 00 06 10 00 71 00 02 00 05 00 05 11 75 05 63 00 00 03 19 4F 6C 
00 00 01 00 06 10 00 71 00 02 00 05 00 04 10 75 04 63 00 00 03 19 52 6C 
00 00 01 00 06 10 00 71 00 03 00 05 00 03 17 75 03 63 00 00 03 19 43 6A 
00 00 01 00 06 10 00 71 00 01 00 05 00 06 0F 75 06 63 00 00 03 1A 45 6B 
00 00 01 00 02 10 00 71 00 01 00 05 00 02 14 75 02 63 00 00 03 1A 4B 6B 
00 00 01 00 06 10 00 71 00 02 00 05 00 04 11 75 04 63 00 00 03 1A 52 6C 
00 00 01 00 06 10 00 71 00 02 00 05 00 05 12 75 05 63 00 00 03 1A 4F 6C 
00 00 01 00 06 10 00 71 00 03 00 05 00 03 18 75 03 63 00 00 03 1A 42 69 
00 00 01 00 02 10 00 71 00 01 00 05 00 02 15 75 02 63 00 00 03 1B 4B 6C 
00 00 01 00 06 10 00 71 00 01 00 05 00 06 10 75 06 63 00 00 03 1B 45 68 
00 00 01 00 06 10 00 71 00 02 00 05 00 04 12 75 04 63 00 00 03 1B 52 6A 
00 00 01 00 06 10 00 71 00 02 00 05 00 05 13 75 05 63 00 00 03 1B 4F 6C 
00 00 01 00 06 10 00 71 00 03 00 05 00 03 19 75 03 63 00 00 03 1B 41 6B 
00 00 01 00 02 10 00 71 00 01 00 05 00 02 16 75 02 63 00 00 03 1C 4B 6B 
00 00 01 00 06 10 00 71 00 01 00 05 00 06 11 75 06 63 00 00 03 1C 44 6B 
00 00 01 00 06 10 00 71 00 02 00 05 00 04 13 75 04 63 00 00 03 1C 52 6C 
00 00 01 00 06 10 00 71 00 02 00 05 00 05 14 75 05 63 00 00 03 1C 4F 6A 
00 00 01 00 06 10 00 71 00 03 00 05 00 03 1A 75 03 63 00 00 03 1C 41 6B 
00 00 01 00 02 10 00 71 00 01 00 05 00 02 17 75 02 63 00 00 03 1D 4B 6B 
00 00 01 00 06 10 00 71 00 01 00 05 00 06 12 75 06 63 00 00 03 1D 45 69 
00 00 01 00 06 10 00 71 00 02 00 05 00 05 15 75 05 63 00 00 03 1D 4F 6A 
00 00 01 00 06 10 00 71 00 02 00 05 00 04 14 75 04 63 00 00 03 1D 52 6C 
00 00 01 00 06 10 00 71 00 03 00 05 00 03 1B 75 03 63 00 00 03 1D 40 6A 
00 00 01 00 02 10 00 71 00 01 00 05 00 02 18 75 02 63 00 00 03 1E 4B 6A 
00 00 01 00 06 10 00 71 00 01 00 05 00 06 13 75 06 63 00 00 03 1E 47 6B 
00 00 01 00 06 10 00 71 00 02 00 05 00 05 16 75 05 63 00 00 03 1E 4F 6C 
00 00 01 00 06 10 00 71 00 02 00 05 00 04 15 75 04 63 00 00 03 1E 52 6B 
00 00 01 00 06 10 00 71 00 03 00 05 00 03 1C 75 03 63 00 00 03 1E 40 69 
00 00 01 00 02 10 00 71 00 01 00 05 00 02 19 75 02 63 00 00 03 1F 4A 69 
00 00 01 00 06 10 00 71 00 01 00 05 00 06 14 75 06 63 00 00 03 1F 49 6C 
00 00 01 00 06 10 00 71 00 02 00 05 00 04 16 75 04 63 00 00 03 1F 53 6C 
00 00 01 00 06 10 00 71 00 02 00 05 00 05 17 75 05 63 00 00 03 1F 4F 6B 
00 00 01 00 06 10 00 71 00 03 00 05 00 03 1D 75 03 63 00 00 03 1F 3E 6A 
00 00 01 00 06 10 00 71 00 01 00 05 00 06 15 75 06 63 00 00 03 20 47 6B 
00 00 01 00 02 10 00 71 00 01 00 05 00 02 1A 75 02 63 00 00 03 20 49 6A 
00 00 01 00 06 10 00 71 00 01 00 05 00 06 15 75 06 63 00 00 03 20 47 6B 
00 00 01 00 06 10 00 71 00 02 00 05 00 05 18 75 05 63 00 00 03 20 4F 6B 
00 00 01 00 06 10 00 71 00 02 00 05 00 04 17 75 04 63 00 00 03 20 53 6C 
00 00 01 00 06 10 00 71 00 03 00 05 00 03 1E 75 03 63 00 00 03 20 40 69 
00 00 01 00 02 10 00 71 00 01 00 05 00 02 1B 75 02 63 00 00 03 21 4B 69 
00 00 01 00 06 10 00 71 00 01 00 05 00 06 16 75 06 63 00 00 03 21 47 6C 
00 00 01 00 06 10 00 71 00 02 00 05 00 05 19 75 05 63 00 00 03 21 4F 6C 
00 00 01 00 06 10 00 71 00 02 00 05 00 04 18 75 04 63 00 00 03 21 53 6C 
00 00 01 00 06 10 00 71 00 03 00 05 00 03 1F 75 03 63 00 00 03 21 40 68 
00 00 01 00 06 10 00 71 00 01 00 05 00 06 17 75 06 63 00 00 03 22 47 6B 
00 00 01 00 02 10 00 71 00 01 00 05 00 02 1C 75 02 63 00 00 03 22 4B 6A 
00 00 01 00 06 10 00 71 00 02 00 05 00 05 1A 75 05 63 00 00 03 22 4D 6B 
00 00 01 00 02 10 00 71 00 01 00 05 00 02 1C 75 02 63 00 00 03 22 4B 6A 
00 00 01 00 06 10 00 71 00 02 00 05 00 04 19 75 04 63 00 00 03 22 53 6A 
00 00 01 00 06 10 00 71 00 03 00 05 00 03 20 75 03 63 00 00 03 22 3A 55 
00 00 01 00 02 10 00 71 00 01 00 05 00 02 1D 75 02 63 00 00 03 23 49 69 
00 00 01 00 06 10 00 71 00 01 00 05 00 06 18 75 06 63 00 00 03 23 46 6C 
00 00 01 00 06 10 00 71 00 02 00 05 00 05 1B 75 05 63 00 00 03 23 4D 6C 
00 00 01 00 06 10 00 71 00 02 00 05 00 04 1A 75 04 63 00 00 03 23 53 6C 
00 00 01 00 06 10 00 71 00 03 00 05 00 03 21 75 03 63 00 00 03 23 3E 69 
00 00 01 00 06 10 00 71 00 01 00 05 00 06 19 75 06 63 00 00 03 24 47 6B 
00 00 01 00 02 10 00 71 00 01 00 05 00 02 1E 75 02 63 00 00 03 24 4B 6C 
00 00 01 00 06 10 00 71 00 02 00 05 00 04 1B 75 04 63 00 00 03 24 52 6C 
00 00 01 00 02 10 00 71 00 01 00 05 00 02 1E 75 02 63 00 00 03 24 4B 6C 
00 00 01 00 06 10 00 71 00 02 00 05 00 05 1C 75 05 63 00 00 03 24 4F 6B 
00 00 01 00 06 10 00 71 00 03 00 05 00 03 22 75 03 63 00 00 03 24 40 6A 
00 00 01 00 06 10 00 71 00 01 00 05 00 06 1A 75 06 63 00 00 03 25 49 6C 
00 00 01 00 02 10 00 71 00 01 00 05 00 02 1F 75 02 63 00 00 03 25 4A 6A 
00 00 01 00 06 10 00 71 00 02 00 05 00 05 1D 75 05 63 00 00 03 25 4F 6B 
00 00 01 00 02 10 00 71 00 01 00 05 00 02 1F 75 02 63 00 00 03 25 4A 6A 
00 00 01 00 06 10 00 71 00 03 00 05 00 03 23 75 03 63 00 00 03 25 3F 68 
00 00 01 00 06 10 00 71 00 02 00 05 00 04 1C 75 04 63 00 00 03 25 52 6C 
00 00 01 00 06 10 00 71 00 01 00 05 00 06 1B 75 06 63 00 00 03 26 49 6A 
00 00 01 00 02 10 00 71 00 01 00 05 00 02 20 75 02 63 00 00 03 26 4A 69 
00 00 01 00 06 10 00 71 00 02 00 05 00 04 1D 75 04 63 00 00 03 26 52 6C 
00 00 01 00 06 10 00 71 00 02 00 05 00 05 1E 75 05 63 00 00 03 26 4F 6B 
00 00 01 00 06 10 00 71 00 03 00 05 00 03 24 75 03 63 00 00 03 26 3F 69 
00 00 01 00 06 10 00 71 00 01 00 05 00 06 1C 75 06 63 00 00 03 27 46 6C 
00 00 01 00 02 10 00 71 00 01 00 05 00 02 21 75 02 63 00 00 03 27 4B 6C 
00 00 01 00 06 10 00 71 00 02 00 05 00 04 1E 75 04 63 00 00 03 27 53 6C 
00 00 01 00 06 10 00 71 00 02 00 05 00 05 1F 75 05 63 00 00 03 27 4E 6B 
00 00 01 00 06 10 00 71 00 03 00 05 00 03 25 75 03 63 00 00 03 27 3F 68 
00 00 01 00 02 10 00 71 00 01 00 05 00 02 22 75 02 63 00 00 03 28 47 6B 
00 00 01 00 06 10 00 71 00 01 00 05 00 06 1D 75 06 63 00 00 03 28 4A 6C 
00 00 01 00 06 10 00 71 00 02 00 05 00 04 1F 75 04 63 00 00 03 28 53 6C 
00 00 01 00 06 10 00 71 00 02 00 05 00 05 20 75 05 63 00 00 03 28 50 6C 
00 00 01 00 06 10 00 71 00 03 00 05 00 03 26 75 03 63 00 00 03 28 44 6B 
00 00 01 00 02 10 00 71 00 01 00 05 00 02 23 75 02 63 00 00 03 29 49 6B 
00 00 01 00 06 10 00 71 00 01 00 05 00 06 1E 75 06 63 00 00 03 29 49 6B 
00 00 01 00 06 10 00 71 00 02 00 05 00 04 20 75 04 63 00 00 03 29 53 6B 
00 00 01 00 06 10 00 71 00 02 00 05 00 05 21 75 05 63 00 00 03 29 51 6B 
00 00 01 00 06 10 00 71 00 03 00 05 00 03 27 75 03 63 00 00 03 29 41 69 
00 00 01 00 02 10 00 71 00 01 00 05 00 02 24 75 02 63 00 00 03 2A 4A 6B 
00 00 01 00 06 10 00 71 00 01 00 05 00 06 1F 75 06 63 00 00 03 2A 4A 6C 
00 00 01 00 06 10 00 71 00 02 00 05 00 04 21 75 04 63 00 00 03 2A 53 6C 
00 00 01 00 06 10 00 71 00 02 00 05 00 05 22 75 05 63 00 00 03 2A 50 6C 
00 00 01 00 06 10 00 71 00 03 00 05 00 03 28 75 03 63 00 00 03 2A 42 67 
00 00 01 00 06 10 00 71 00 01 00 05 00 06 20 75 06 63 00 00 03 2B 4B 6C 
00 00 01 00 02 10 00 71 00 01 00 05 00 02 25 75 02 63 00 00 03 2B 48 6C 
00 00 01 00 06 10 00 71 00 02 00 05 00 05 23 75 05 63 00 00 03 2B 51 6C 
00 00 01 00 06 10 00 71 00 02 00 05 00 04 22 75 04 63 00 00 03 2B 54 6C 
00 00 01 00 02 10 00 71 00 01 00 05 00 02 25 75 02 63 00 00 03 2B 48 6C 
00 00 01 00 06 10 00 71 00 03 00 05 00 03 29 75 03 63 00 00 03 2B 42 69 
00 00 01 00 02 10 00 71 00 01 00 05 00 02 26 75 02 63 00 00 03 2C 49 68 
00 00 01 00 06 10 00 71 00 01 00 05 00 06 21 75 06 63 00 00 03 2C 48 6B 
00 00 01 00 06 10 00 71 00 02 00 05 00 05 24 75 05 63 00 00 03 2C 51 6B 
00 00 01 00 06 10 00 71 00 03 00 05 00 03 2A 75 03 63 00 00 03 2C 42 6B 
00 00 01 00 06 10 00 71 00 02 00 05 00 04 23 75 04 63 00 00 03 2C 54 6B 
00 00 01 00 02 10 00 71 00 01 00 05 00 02 27 75 02 63 00 00 03 2D 4A 6C 
00 00 01 00 06 10 00 71 00 01 00 05 00 06 22 75 06 63 00 00 03 2D 43 6C 
00 00 01 00 06 10 00 71 00 02 00 05 00 04 24 75 04 63 00 00 03 2D 54 6C 
00 00 01 00 02 10 00 71 00 01 00 05 00 02 27 75 02 63 00 00 03 2D 4A 6C 
00 00 01 00 06 10 00 71 00 02 00 05 00 05 25 75 05 63 00 00 03 2D 4F 6C 
00 00 01 00 06 10 00 71 00 03 00 05 00 03 2B 75 03 63 00 00 03 2D 43 6B 
00 00 01 00 02 10 00 71 00 01 00 05 00 02 28 75 02 63 00 00 03 2E 49 6C 
00 00 01 00 06 10 00 71 00 01 00 05 00 06 23 75 06 63 00 00 03 2E 3E 6B 
00 00 01 00 06 10 00 71 00 02 00 05 00 04 25 75 04 63 00 00 03 2E 53 6C 
00 00 01 00 06 10 00 71 00 02 00 05 00 05 26 75 05 63 00 00 03 2E 4E 6B 
00 00 01 00 06 10 00 71 00 03 00 05 00 03 2C 75 03 63 00 00 03 2E 44 69 
00 00 01 00 02 10 00 71 00 01 00 05 00 02 29 75 02 63 00 00 03 2F 4B 68 
00 00 01 00 06 10 00 71 00 01 00 05 00 06 24 75 06 63 00 00 03 2F 42 6B 
00 00 01 00 06 10 00 71 00 02 00 05 00 05 27 75 05 63 00 00 03 2F 4D 6C 
00 00 01 00 06 10 00 71 00 02 00 05 00 04 26 75 04 63 00 00 03 2F 53 6C 
00 00 01 00 06 10 00 71 00 03 00 05 00 03 2D 75 03 63 00 00 03 2F 40 6A 
00 00 01 00 06 10 00 71 00 01 00 05 00 06 25 75 06 63 00 00 03 30 45 6B 
00 00 01 00 02 10 00 71 00 01 00 05 00 02 2A 75 02 63 00 00 03 30 4B 6C 
00 00 01 00 06 10 00 71 00 02 00 05 00 05 28 75 05 63 00 00 03 30 4E 6B 
00 00 01 00 02 10 00 71 00 01 00 05 00 02 2A 75 02 63 00 00 03 30 4B 6C 
00 00 01 00 06 10 00 71 00 02 00 05 00 04 27 75 04 63 00 00 03 30 53 6C 
00 00 01 00 02 10 00 71 00 01 00 05 00 02 2A 75 02 63 00 00 03 30 4B 6C 
00 00 01 00 06 10 00 71 00 03 00 05 00 03 2E 75 03 63 00 00 03 30 43 6B 
00 00 01 00 02 10 00 71 00 01 00 05 00 02 2B 75 02 63 00 00 03 31 4B 6C 
00 00 01 00 06 10 00 71 00 01 00 05 00 06 26 75 06 63 00 00 03 31 41 6B 
00 00 01 00 06 10 00 71 00 02 00 05 00 05 29 75 05 63 00 00 03 31 4E 6B 
00 00 01 00 06 10 00 71 00 02 00 05 00 04 28 75 04 63 00 00 03 31 54 6C 
00 00 01 00 06 10 00 71 00 03 00 05 00 03 2F 75 03 63 00 00 03 31 43 6A 
00 00 01 00 06 10 00 71 00 01 00 05 00 06 27 75 06 63 00 00 03 32 45 6B 
00 00 01 00 02 10 00 71 00 01 00 05 00 02 2C 75 02 63 00 00 03 32 4B 6A 
00 00 01 00 06 10 00 71 00 02 00 05 00 04 29 75 04 63 00 00 03 32 52 6A 
00 00 01 00 06 10 00 71 00 02 00 05 00 05 2A 75 05 63 00 00 03 32 4D 6B 
00 00 01 00 06 10 00 71 00 03 00 05 00 03 30 75 03 63 00 00 03 32 43 6B 
00 00 01 00 02 10 00 71 00 01 00 05 00 02 2D 75 02 63 00 00 03 33 4B 6C 
00 00 01 00 06 10 00 71 00 01 00 05 00 06 28 75 06 63 00 00 03 33 4B 6A 
00 00 01 00 06 10 00 71 00 02 00 05 00 05 2B 75 05 63 00 00 03 33 4F 6C 
00 00 01 00 06 10 00 71 00 03 00 05 00 03 31 75 03 63 00 00 03 33 44 6B 
00 00 01 00 06 10 00 71 00 02 00 05 00 04 2A 75 04 63 00 00 03 33 53 6C 
00 00 01 00 02 10 00 71 00 01 00 05 00 02 2E 75 02 63 00 00 03 34 4B 6C 
00 00 01 00 06 10 00 71 00 01 00 05 00 06 29 75 06 63 00 00 03 34 45 6C 
00 00 01 00 06 10 00 71 00 02 00 05 00 05 2C 75 05 63 00 00 03 34 4F 6B 
00 00 01 00 06 10 00 71 00 02 00 05 00 04 2B 75 04 63 00 00 03 34 53 6C 
00 00 01 00 06 10 00 71 00 03 00 05 00 03 32 75 03 63 00 00 03 34 45 69 
00 00 01 00 06 10 00 71 00 01 00 05 00 06 2A 75 06 63 00 00 03 35 43 6C 
00 00 01 00 02 10 00 71 00 01 00 05 00 02 2F 75 02 63 00 00 03 35 4B 6C 
00 00 01 00 06 10 00 71 00 02 00 05 00 05 2D 75 05 63 00 00 03 35 4E 6B 
00 00 01 00 02 10 00 71 00 01 00 05 00 02 2F 75 02 63 00 00 03 35 4B 6C 
00 00 01 00 06 10 00 71 00 02 00 05 00 04 2C 75 04 63 00 00 03 35 53 6B 
00 00 01 00 06 10 00 71 00 03 00 05 00 03 33 75 03 63 00 00 03 35 44 6A 
00 00 01 00 02 10 00 71 00 01 00 05 00 02 30 75 02 63 00 00 03 36 4B 6C 
00 00 01 00 06 10 00 71 00 01 00 05 00 06 2B 75 06 63 00 00 03 36 46 6B 
00 00 01 00 06 10 00 71 00 02 00 05 00 05 2E 75 05 63 00 00 03 36 4D 6C 
00 00 01 00 06 10 00 71 00 03 00 05 00 03 34 75 03 63 00 00 03 36 44 6B 
00 00 01 00 06 10 00 71 00 02 00 05 00 04 2D 75 04 63 00 00 03 36 53 6C 
00 00 01 00 06 10 00 71 00 01 00 05 00 06 2C 75 06 63 00 00 03 37 42 6B 
00 00 01 00 02 10 00 71 00 01 00 05 00 02 31 75 02 63 00 00 03 37 4B 6B 
00 00 01 00 06 10 00 71 00 02 00 05 00 05 2F 75 05 63 00 00 03 37 4F 6C 
00 00 01 00 06 10 00 71 00 02 00 05 00 04 2E 75 04 63 00 00 03 37 53 6C 
00 00 01 00 06 10 00 71 00 03 00 05 00 03 35 75 03 63 00 00 03 37 46 6A 
00 00 01 00 06 10 00 71 00 01 00 05 00 06 2D 75 06 63 00 00 03 38 45 6A 
00 00 01 00 02 10 00 71 00 01 00 05 00 02 32 75 02 63 00 00 03 38 4A 6C 
00 00 01 00 06 10 00 71 00 02 00 05 00 04 2F 75 04 63 00 00 03 38 53 6C 
00 00 01 00 02 10 00 71 00 01 00 05 00 02 32 75 02 63 00 00 03 38 4A 6C 
00 00 01 00 06 10 00 71 00 02 00 05 00 05 30 75 05 63 00 00 03 38 51 6C 
00 00 01 00 06 10 00 71 00 03 00 05 00 03 36 75 03 63 00 00 03 38 42 6A 
00 00 01 00 06 10 00 71 00 01 00 05 00 06 2E 75 06 63 00 00 03 39 47 6B 
00 00 01 00 06 10 00 71 00 01 00 05 00 06 2E 75 06 63 00 00 03 39 47 6B 
00 00 01 00 02 10 00 71 00 01 00 05 00 02 33 75 02 63 00 00 03 39 48 6B 
00 00 01 00 06 10 00 71 00 02 00 05 00 04 30 75 04 63 00 00 03 39 52 6C 
00 00 01 00 02 10 00 71 00 01 00 05 00 02 33 75 02 63 00 00 03 39 48 6B 
00 00 01 00 06 10 00 71 00 02 00 05 00 05 31 75 05 63 00 00 03 39 53 6B 
00 00 01 00 06 10 00 71 00 03 00 05 00 03 37 75 03 63 00 00 03 39 42 6B 
00 00 01 00 02 10 00 71 00 01 00 05 00 02 34 75 02 63 00 00 03 3A 49 6C 
00 00 01 00 06 10 00 71 00 01 00 05 00 06 2F 75 06 63 00 00 03 3A 47 6A 
00 00 01 00 06 10 00 71 00 02 00 05 00 05 32 75 05 63 00 00 03 3A 53 6C 
00 00 01 00 06 10 00 71 00 03 00 05 00 03 38 75 03 63 00 00 03 3A 42 68 
00 00 01 00 06 10 00 71 00 02 00 05 00 04 31 75 04 63 00 00 03 3A 52 6C 
00 00 01 00 02 10 00 71 00 01 00 05 00 02 35 75 02 63 00 00 03 3B 49 6B 
00 00 01 00 06 10 00 71 00 01 00 05 00 06 30 75 06 63 00 00 03 3B 47 6B 
00 00 01 00 06 10 00 71 00 02 00 05 00 05 33 75 05 63 00 00 03 3B 52 6C 
00 00 01 00 06 10 00 71 00 02 00 05 00 04 32 75 04 63 00 00 03 3B 53 6C 
00 00 01 00 06 10 00 71 00 03 00 05 00 03 39 75 03 63 00 00 03 3B 41 6B 
