00 00 01 00 02 10 00 71 00 01 00 06 00 02 00 75 02 63 00 00 06 29 45 6A 
00 00 01 00 02 10 00 71 00 01 00 06 00 02 01 75 02 63 00 00 06 2A 3D 69 
00 00 01 00 03 10 00 71 00 01 00 06 00 03 00 75 03 63 00 00 06 2C 49 6C 
00 00 01 00 02 10 00 71 00 01 00 16 00 02 04 75 02 63 00 00 06 2D 40 68 
00 00 01 00 02 10 00 71 00 01 00 14 00 02 05 75 02 63 00 00 06 2E 46 6A 
00 00 01 00 06 10 00 71 00 01 00 1D 00 06 15 75 06 63 00 00 06 4A 46 6B 
00 00 01 00 02 10 00 71 00 01 00 10 00 02 21 75 02 63 00 00 06 4A 43 6B 
00 00 01 00 03 10 00 71 00 01 00 0E 00 03 1E 75 03 63 00 00 06 4A 48 6A 
00 00 01 00 05 10 00 71 00 01 00 14 00 05 18 75 05 63 00 00 06 4A 49 6B 
00 00 01 00 03 10 00 71 00 01 00 0E 00 03 1E 75 03 63 00 00 06 4A 48 6A 
00 00 01 00 03 10 00 71 00 02 00 0E 00 04 1B 75 04 63 00 00 06 4A 4B 6C 
00 00 01 00 02 10 00 71 00 01 00 0E 00 02 22 75 02 63 00 00 06 4B 48 6B 
00 00 01 00 03 10 00 71 00 01 00 0E 00 03 1F 75 03 63 00 00 06 4B 4B 6B 
00 00 01 00 03 10 00 71 00 02 00 0D 00 04 1C 75 04 63 00 00 06 4B 4B 6C 
00 00 01 00 05 10 00 71 00 01 00 14 00 05 19 75 05 63 00 00 06 4B 4A 6A 
00 00 01 00 06 10 00 71 00 01 00 1A 00 06 16 75 06 63 00 00 06 4B 46 6C 
00 00 01 00 06 10 00 71 00 01 00 1A 00 06 17 75 06 63 00 00 06 4C 43 6C 
00 00 01 00 02 10 00 71 00 01 00 0E 00 02 23 75 02 63 00 00 06 4C 46 6B 
00 00 01 00 05 10 00 71 00 01 00 14 00 05 1A 75 05 63 00 00 06 4C 3F 6A 
00 00 01 00 03 10 00 71 00 01 00 0D 00 03 20 75 03 63 00 00 06 4C 49 6B 
00 00 01 00 03 10 00 71 00 02 00 0D 00 04 1D 75 04 63 00 00 06 4C 45 6C 
00 00 01 00 06 10 00 71 00 01 00 1A 00 06 18 75 06 63 00 00 06 4D 44 6C 
00 00 01 00 02 10 00 71 00 01 00 0E 00 02 24 75 02 63 00 00 06 4D 43 6B 
00 00 01 00 03 10 00 71 00 01 00 0C 00 03 21 75 03 63 00 00 06 4D 47 6C 
00 00 01 00 05 10 00 71 00 01 00 13 00 05 1B 75 05 63 00 00 06 4D 43 6C 
00 00 01 00 03 10 00 71 00 02 00 0C 00 04 1E 75 04 63 00 00 06 4D 46 6C 
00 00 01 00 03 10 00 71 00 01 00 0C 00 03 22 75 03 63 00 00 06 4E 47 6B 
00 00 01 00 02 10 00 71 00 01 00 0E 00 02 25 75 02 63 00 00 06 4E 45 6B 
00 00 01 00 06 10 00 71 00 01 00 18 00 06 19 75 06 63 00 00 06 4E 46 6C 
00 00 01 00 03 10 00 71 00 02 00 0C 00 04 1F 75 04 63 00 00 06 4E 47 6B 
00 00 01 00 05 10 00 71 00 01 00 15 00 05 1C 75 05 63 00 00 06 4E 46 6C 
00 00 01 00 06 10 00 71 00 01 00 18 00 06 1A 75 06 63 00 00 06 4F 47 6A 
00 00 01 00 02 10 00 71 00 01 00 0D 00 02 26 75 02 63 00 00 06 4F 44 6B 
00 00 01 00 03 10 00 71 00 01 00 0B 00 03 23 75 03 63 00 00 06 4F 4A 6B 
00 00 01 00 03 10 00 71 00 02 00 0B 00 04 20 75 04 63 00 00 06 4F 49 6B 
00 00 01 00 03 10 00 71 00 01 00 0B 00 03 24 75 03 63 00 00 06 50 4A 6A 
00 00 01 00 06 10 00 71 00 01 00 18 00 06 1B 75 06 63 00 00 06 50 48 6A 
00 00 01 00 02 10 00 71 00 01 00 0D 00 02 27 75 02 63 00 00 06 50 45 68 
00 00 01 00 03 10 00 71 00 02 00 0B 00 04 21 75 04 63 00 00 06 50 49 6C 
00 00 01 00 03 10 00 71 00 01 00 0C 00 03 25 75 03 63 00 00 06 51 4B 6B 
00 00 01 00 02 10 00 71 00 01 00 0D 00 02 28 75 02 63 00 00 06 51 45 6C 
00 00 01 00 06 10 00 71 00 01 00 18 00 06 1C 75 06 63 00 00 06 51 48 6C 
00 00 01 00 03 10 00 71 00 02 00 0B 00 04 22 75 04 63 00 00 06 51 4B 6C 
00 00 01 00 03 10 00 71 00 01 00 0B 00 03 26 75 03 63 00 00 06 52 4A 69 
00 00 01 00 02 10 00 71 00 01 00 0D 00 02 29 75 02 63 00 00 06 52 45 6B 
00 00 01 00 06 10 00 71 00 01 00 16 00 06 1D 75 06 63 00 00 06 52 47 6C 
00 00 01 00 03 10 00 71 00 02 00 0B 00 04 23 75 04 63 00 00 06 52 4B 6C 
00 00 01 00 02 10 00 71 00 01 00 0C 00 02 2A 75 02 63 00 00 06 53 45 69 
00 00 01 00 06 10 00 71 00 01 00 16 00 06 1E 75 06 63 00 00 06 53 47 69 
00 00 01 00 03 10 00 71 00 01 00 0B 00 03 27 75 03 63 00 00 06 53 49 6B 
00 00 01 00 03 10 00 71 00 02 00 0A 00 04 24 75 04 63 00 00 06 53 49 6A 
00 00 01 00 05 10 00 71 00 01 00 31 00 05 21 75 05 63 00 00 06 53 47 6C 
00 00 01 00 03 10 00 71 00 01 00 0A 00 03 28 75 03 63 00 00 06 54 4A 69 
00 00 01 00 02 10 00 71 00 01 00 0C 00 02 2B 75 02 63 00 00 06 54 45 6A 
00 00 01 00 03 10 00 71 00 02 00 0A 00 04 25 75 04 63 00 00 06 54 49 6C 
00 00 01 00 06 10 00 71 00 01 00 16 00 06 1F 75 06 63 00 00 06 54 46 6B 
00 00 01 00 05 10 00 71 00 01 00 36 00 05 22 75 05 63 00 00 06 54 47 6C 
00 00 01 00 03 10 00 71 00 01 00 0A 00 03 29 75 03 63 00 00 06 55 4B 6C 
00 00 01 00 02 10 00 71 00 01 00 0C 00 02 2C 75 02 63 00 00 06 55 43 6B 
00 00 01 00 06 10 00 71 00 01 00 14 00 06 20 75 06 63 00 00 06 55 49 6C 
00 00 01 00 03 10 00 71 00 02 00 0A 00 04 26 75 04 63 00 00 06 55 49 6C 
00 00 01 00 05 10 00 71 00 01 00 38 00 05 23 75 05 63 00 00 06 55 49 6B 
00 00 01 00 05 10 00 71 00 01 00 3A 00 05 24 75 05 63 00 00 06 56 4A 6C 
00 00 01 00 02 10 00 71 00 01 00 0C 00 02 2D 75 02 63 00 00 06 56 43 6B 
00 00 01 00 05 10 00 71 00 01 00 3A 00 05 24 75 05 63 00 00 06 56 4A 6C 
00 00 01 00 03 10 00 71 00 01 00 09 00 03 2A 75 03 63 00 00 06 56 4B 6B 
00 00 01 00 06 10 00 71 00 01 00 14 00 06 21 75 06 63 00 00 06 56 49 6B 
00 00 01 00 03 10 00 71 00 02 00 09 00 04 27 75 04 63 00 00 06 56 49 6B 
00 00 01 00 03 10 00 71 00 01 00 09 00 03 2B 75 03 63 00 00 06 57 4B 6B 
00 00 01 00 02 10 00 71 00 01 00 0C 00 02 2E 75 02 63 00 00 06 57 41 6B 
00 00 01 00 03 10 00 71 00 02 00 09 00 04 28 75 04 63 00 00 06 57 49 6B 
00 00 01 00 06 10 00 71 00 01 00 14 00 06 22 75 06 63 00 00 06 57 48 6C 
00 00 01 00 03 10 00 71 00 02 00 08 00 05 25 75 05 63 00 00 06 57 4A 6A 
00 00 01 00 03 10 00 71 00 01 00 08 00 03 2C 75 03 63 00 00 06 58 4B 69 
00 00 01 00 06 10 00 71 00 01 00 14 00 06 23 75 06 63 00 00 06 58 47 6B 
00 00 01 00 02 10 00 71 00 01 00 0B 00 02 2F 75 02 63 00 00 06 58 3F 68 
00 00 01 00 03 10 00 71 00 02 00 08 00 05 26 75 05 63 00 00 06 58 4A 6C 
00 00 01 00 03 10 00 71 00 02 00 08 00 04 29 75 04 63 00 00 06 58 4A 6A 
00 00 01 00 03 10 00 71 00 01 00 08 00 03 2D 75 03 63 00 00 06 59 4A 6B 
00 00 01 00 02 10 00 71 00 01 00 0B 00 02 30 75 02 63 00 00 06 59 3C 69 
00 00 01 00 03 10 00 71 00 02 00 07 00 04 2A 75 04 63 00 00 06 59 49 6C 
00 00 01 00 06 10 00 71 00 01 00 14 00 06 24 75 06 63 00 00 06 59 47 6C 
00 00 01 00 03 10 00 71 00 02 00 07 00 05 27 75 05 63 00 00 06 59 4A 6C 
00 00 01 00 03 10 00 71 00 01 00 07 00 03 2E 75 03 63 00 00 06 5A 4A 6C 
00 00 01 00 02 10 00 71 00 01 00 0B 00 02 31 75 02 63 00 00 06 5A 41 69 
00 00 01 00 06 10 00 71 00 01 00 13 00 06 25 75 06 63 00 00 06 5A 45 6C 
00 00 01 00 03 10 00 71 00 02 00 07 00 04 2B 75 04 63 00 00 06 5A 4B 6B 
00 00 01 00 03 10 00 71 00 02 00 07 00 05 28 75 05 63 00 00 06 5A 4B 6C 
00 00 01 00 02 10 00 71 00 01 00 0B 00 02 32 75 02 63 00 00 06 5B 44 6C 
00 00 01 00 06 10 00 71 00 01 00 13 00 06 26 75 06 63 00 00 06 5B 48 6A 
00 00 01 00 03 10 00 71 00 01 00 06 00 03 2F 75 03 63 00 00 06 5B 49 6B 
00 00 01 00 03 10 00 71 00 02 00 06 00 04 2C 75 04 63 00 00 06 5B 4A 6C 
00 00 01 00 03 10 00 71 00 02 00 06 00 05 29 75 05 63 00 00 06 5B 49 6B 
00 00 01 00 03 10 00 71 00 01 00 06 00 03 30 75 03 63 00 00 06 5C 49 69 
00 00 01 00 02 10 00 71 00 01 00 0B 00 02 33 75 02 63 00 00 06 5C 3B 68 
00 00 01 00 06 10 00 71 00 01 00 13 00 06 27 75 06 63 00 00 06 5C 49 6A 
00 00 01 00 03 10 00 71 00 02 00 06 00 04 2D 75 04 63 00 00 06 5C 49 6C 
00 00 01 00 03 10 00 71 00 02 00 06 00 05 2A 75 05 63 00 00 06 5C 49 6B 
00 00 01 00 02 10 00 71 00 01 00 0A 00 02 34 75 02 63 00 00 06 5D 38 5E 
00 00 01 00 06 10 00 71 00 01 00 13 00 06 28 75 06 63 00 00 06 5D 48 6B 
00 00 01 00 03 10 00 71 00 01 00 06 00 03 31 75 03 63 00 00 06 5D 4A 6A 
00 00 01 00 03 10 00 71 00 02 00 06 00 05 2B 75 05 63 00 00 06 5D 48 6C 
00 00 01 00 03 10 00 71 00 02 00 06 00 04 2E 75 04 63 00 00 06 5D 4B 6B 
00 00 01 00 06 10 00 71 00 01 00 11 00 06 29 75 06 63 00 00 06 5E 47 6C 
00 00 01 00 03 10 00 71 00 01 00 06 00 03 32 75 03 63 00 00 06 5E 48 6C 
00 00 01 00 02 10 00 71 00 01 00 0A 00 02 35 75 02 63 00 00 06 5E 3C 68 
00 00 01 00 03 10 00 71 00 02 00 06 00 04 2F 75 04 63 00 00 06 5E 4B 6B 
00 00 01 00 03 10 00 71 00 02 00 06 00 05 2C 75 05 63 00 00 06 5E 49 6A 
00 00 01 00 06 10 00 71 00 01 00 11 00 06 2A 75 06 63 00 00 06 5F 48 6A 
00 00 01 00 03 10 00 71 00 01 00 06 00 03 33 75 03 63 00 00 06 5F 49 6B 
00 00 01 00 02 10 00 71 00 01 00 0A 00 02 36 75 02 63 00 00 06 5F 3C 64 
00 00 01 00 03 10 00 71 00 02 00 06 00 04 30 75 04 63 00 00 06 5F 49 6B 
00 00 01 00 03 10 00 71 00 02 00 06 00 05 2D 75 05 63 00 00 06 5F 49 6A 
00 00 01 00 03 10 00 71 00 01 00 06 00 03 34 75 03 63 00 00 06 60 4B 6A 
00 00 01 00 02 10 00 71 00 01 00 0A 00 02 37 75 02 63 00 00 06 60 39 68 
00 00 01 00 03 10 00 71 00 02 00 06 00 04 31 75 04 63 00 00 06 60 49 6B 
00 00 01 00 06 10 00 71 00 01 00 11 00 06 2B 75 06 63 00 00 06 60 48 6B 
00 00 01 00 03 10 00 71 00 02 00 05 00 05 2E 75 05 63 00 00 06 60 4A 6B 
00 00 01 00 03 10 00 71 00 01 00 05 00 03 35 75 03 63 00 00 06 61 4B 6A 
00 00 01 00 02 10 00 71 00 01 00 09 00 02 38 75 02 63 00 00 06 61 3A 6A 
00 00 01 00 03 10 00 71 00 02 00 05 00 04 32 75 04 63 00 00 06 61 4A 6C 
00 00 01 00 06 10 00 71 00 01 00 10 00 06 2C 75 06 63 00 00 06 61 48 6B 
00 00 01 00 03 10 00 71 00 01 00 05 00 03 36 75 03 63 00 00 06 62 4A 6B 
00 00 01 00 02 10 00 71 00 01 00 09 00 02 39 75 02 63 00 00 06 62 37 5F 
00 00 01 00 03 10 00 71 00 02 00 05 00 05 30 75 05 63 00 00 06 62 4A 6C 
00 00 01 00 06 10 00 71 00 01 00 10 00 06 2D 75 06 63 00 00 06 62 47 6B 
00 00 01 00 03 10 00 71 00 01 00 05 00 03 37 75 03 63 00 00 06 63 4B 6C 
00 00 01 00 02 10 00 71 00 01 00 09 00 02 3A 75 02 63 00 00 06 63 3A 68 
00 00 01 00 03 10 00 71 00 02 00 05 00 04 34 75 04 63 00 00 06 63 49 6C 
00 00 01 00 06 10 00 71 00 01 00 10 00 06 2E 75 06 63 00 00 06 63 48 6C 
00 00 01 00 03 10 00 71 00 02 00 05 00 05 31 75 05 63 00 00 06 63 4A 6C 
00 00 01 00 03 10 00 71 00 01 00 05 00 03 38 75 03 63 00 00 06 64 4A 6B 
00 00 01 00 02 10 00 71 00 01 00 09 00 02 3B 75 02 63 00 00 06 64 3A 63 
00 00 01 00 03 10 00 71 00 02 00 05 00 04 35 75 04 63 00 00 06 64 4B 6B 
00 00 01 00 06 10 00 71 00 01 00 0F 00 06 2F 75 06 63 00 00 06 64 49 6B 
00 00 01 00 03 10 00 71 00 02 00 05 00 05 32 75 05 63 00 00 06 64 49 6C 
00 00 01 00 03 10 00 71 00 01 00 05 00 03 39 75 03 63 00 00 06 65 4A 6C 
00 00 01 00 06 10 00 71 00 01 00 0F 00 06 30 75 06 63 00 00 06 65 48 69 
00 00 01 00 02 10 00 71 00 01 00 09 00 02 3C 75 02 63 00 00 06 65 41 6A 
00 00 01 00 03 10 00 71 00 02 00 05 00 04 36 75 04 63 00 00 06 65 49 6B 
00 00 01 00 03 10 00 71 00 02 00 05 00 05 33 75 05 63 00 00 06 65 49 69 
00 00 01 00 02 10 00 71 00 01 00 08 00 02 3D 75 02 63 00 00 06 66 43 6B 
00 00 01 00 06 10 00 71 00 01 00 0F 00 06 31 75 06 63 00 00 06 66 49 6C 
00 00 01 00 03 10 00 71 00 01 00 05 00 03 3A 75 03 63 00 00 06 66 49 6C 
00 00 01 00 03 10 00 71 00 02 00 05 00 04 37 75 04 63 00 00 06 66 49 6B 
00 00 01 00 03 10 00 71 00 02 00 05 00 05 34 75 05 63 00 00 06 66 49 6C 
00 00 01 00 02 10 00 71 00 01 00 08 00 02 3E 75 02 63 00 00 06 67 3E 6B 
00 00 01 00 03 10 00 71 00 01 00 05 00 03 3B 75 03 63 00 00 06 67 4A 6B 
00 00 01 00 06 10 00 71 00 01 00 0E 00 06 32 75 06 63 00 00 06 67 49 6C 
00 00 01 00 03 10 00 71 00 02 00 05 00 04 38 75 04 63 00 00 06 67 4B 6C 
00 00 01 00 03 10 00 71 00 02 00 05 00 05 35 75 05 63 00 00 06 67 47 6B 
00 00 01 00 03 10 00 71 00 01 00 05 00 03 3C 75 03 63 00 00 06 68 48 68 
00 00 01 00 02 10 00 71 00 01 00 08 00 02 3F 75 02 63 00 00 06 68 41 6A 
00 00 01 00 03 10 00 71 00 02 00 05 00 04 39 75 04 63 00 00 06 68 49 6C 
00 00 01 00 06 10 00 71 00 01 00 0E 00 06 33 75 06 63 00 00 06 68 46 6A 
00 00 01 00 03 10 00 71 00 02 00 05 00 05 36 75 05 63 00 00 06 68 45 6B 
00 00 01 00 02 10 00 71 00 01 00 08 00 02 40 75 02 63 00 00 06 69 45 66 
00 00 01 00 06 10 00 71 00 01 00 0E 00 06 34 75 06 63 00 00 06 69 46 6A 
00 00 01 00 03 10 00 71 00 01 00 05 00 03 3D 75 03 63 00 00 06 69 47 6B 
00 00 01 00 02 10 00 71 00 01 00 08 00 02 40 75 02 63 00 00 06 69 45 66 
00 00 01 00 03 10 00 71 00 02 00 05 00 04 3A 75 04 63 00 00 06 69 48 6B 
00 00 01 00 03 10 00 71 00 02 00 05 00 05 37 75 05 63 00 00 06 69 45 69 
00 00 01 00 03 10 00 71 00 01 00 05 00 03 3E 75 03 63 00 00 06 6A 47 6A 
00 00 01 00 06 10 00 71 00 01 00 0E 00 06 35 75 06 63 00 00 06 6A 49 6B 
00 00 01 00 02 10 00 71 00 01 00 07 00 02 41 75 02 63 00 00 06 6A 43 6C 
00 00 01 00 03 10 00 71 00 02 00 05 00 05 38 75 05 63 00 00 06 6A 46 6B 
00 00 01 00 03 10 00 71 00 02 00 05 00 04 3B 75 04 63 00 00 06 6A 49 6B 
00 00 01 00 02 10 00 71 00 01 00 07 00 02 42 75 02 63 00 00 06 6B 40 6A 
00 00 01 00 06 10 00 71 00 01 00 0E 00 06 36 75 06 63 00 00 06 6B 48 6C 
00 00 01 00 03 10 00 71 00 01 00 05 00 03 3F 75 03 63 00 00 06 6B 48 6B 
00 00 01 00 03 10 00 71 00 02 00 05 00 04 3C 75 04 63 00 00 06 6B 4A 6B 
00 00 01 00 03 10 00 71 00 02 00 05 00 05 39 75 05 63 00 00 06 6B 45 69 
00 00 01 00 03 10 00 71 00 01 00 05 00 03 40 75 03 63 00 00 06 6C 49 6B 
00 00 01 00 02 10 00 71 00 01 00 08 00 02 43 75 02 63 00 00 06 6C 3F 68 
00 00 01 00 06 10 00 71 00 01 00 19 00 06 37 75 06 63 00 00 06 6C 49 6A 
00 00 01 00 03 10 00 71 00 02 00 05 00 04 3D 75 04 63 00 00 06 6C 49 6C 
00 00 01 00 03 10 00 71 00 02 00 05 00 05 3A 75 05 63 00 00 06 6C 47 6B 
00 00 01 00 02 10 00 71 00 01 00 08 00 02 44 75 02 63 00 00 06 6D 43 6B 
00 00 01 00 03 10 00 71 00 01 00 05 00 03 41 75 03 63 00 00 06 6D 48 69 
00 00 01 00 06 10 00 71 00 01 00 17 00 06 38 75 06 63 00 00 06 6D 49 6C 
00 00 01 00 03 10 00 71 00 02 00 05 00 04 3E 75 04 63 00 00 06 6D 49 6C 
00 00 01 00 03 10 00 71 00 02 00 05 00 05 3B 75 05 63 00 00 06 6D 49 6B 
00 00 01 00 02 10 00 71 00 01 00 08 00 02 45 75 02 63 00 00 06 6E 45 6C 
00 00 01 00 03 10 00 71 00 01 00 05 00 03 42 75 03 63 00 00 06 6E 48 68 
00 00 01 00 03 10 00 71 00 02 00 05 00 04 3F 75 04 63 00 00 06 6E 49 6A 
00 00 01 00 06 10 00 71 00 01 00 17 00 06 39 75 06 63 00 00 06 6E 49 6C 
00 00 01 00 03 10 00 71 00 02 00 05 00 05 3C 75 05 63 00 00 06 6E 47 6B 
00 00 01 00 02 10 00 71 00 01 00 08 00 02 46 75 02 63 00 00 06 6F 42 6B 
00 00 01 00 03 10 00 71 00 01 00 05 00 03 43 75 03 63 00 00 06 6F 48 6A 
00 00 01 00 03 10 00 71 00 02 00 05 00 04 40 75 04 63 00 00 06 6F 4A 6C 
00 00 01 00 06 10 00 71 00 01 00 16 00 06 3A 75 06 63 00 00 06 6F 49 6C 
00 00 01 00 03 10 00 71 00 02 00 05 00 05 3D 75 05 63 00 00 06 6F 48 6A 
00 00 01 00 06 10 00 71 00 01 00 16 00 06 3B 75 06 63 00 00 06 70 49 6A 
00 00 01 00 02 10 00 71 00 01 00 08 00 02 47 75 02 63 00 00 06 70 3D 69 
00 00 01 00 03 10 00 71 00 01 00 05 00 03 44 75 03 63 00 00 06 70 49 6B 
00 00 01 00 03 10 00 71 00 02 00 05 00 05 3E 75 05 63 00 00 06 70 47 6B 
00 00 01 00 03 10 00 71 00 02 00 05 00 04 41 75 04 63 00 00 06 70 49 6B 
00 00 01 00 06 10 00 71 00 01 00 16 00 06 3C 75 06 63 00 00 06 71 49 6A 
00 00 01 00 03 10 00 71 00 01 00 05 00 03 45 75 03 63 00 00 06 71 49 6A 
00 00 01 00 02 10 00 71 00 01 00 08 00 02 48 75 02 63 00 00 06 71 3C 68 
00 00 01 00 03 10 00 71 00 02 00 05 00 04 42 75 04 63 00 00 06 71 4B 6C 
00 00 01 00 03 10 00 71 00 02 00 05 00 05 3F 75 05 63 00 00 06 71 48 6B 
00 00 01 00 03 10 00 71 00 01 00 05 00 03 46 75 03 63 00 00 06 72 49 6B 
00 00 01 00 02 10 00 71 00 01 00 07 00 02 49 75 02 63 00 00 06 72 41 6B 
00 00 01 00 03 10 00 71 00 02 00 05 00 05 40 75 05 63 00 00 06 72 49 6B 
00 00 01 00 06 10 00 71 00 01 00 14 00 06 3D 75 06 63 00 00 06 72 48 6C 
00 00 01 00 03 10 00 71 00 02 00 05 00 04 43 75 04 63 00 00 06 72 4B 6C 
00 00 01 00 02 10 00 71 00 01 00 07 00 02 4A 75 02 63 00 00 06 73 40 6B 
00 00 01 00 03 10 00 71 00 01 00 05 00 03 47 75 03 63 00 00 06 73 49 6B 
00 00 01 00 06 10 00 71 00 01 00 14 00 06 3E 75 06 63 00 00 06 73 49 6A 
00 00 01 00 03 10 00 71 00 02 00 05 00 05 41 75 05 63 00 00 06 73 49 6B 
00 00 01 00 03 10 00 71 00 02 00 05 00 04 44 75 04 63 00 00 06 73 4A 6B 
00 00 01 00 03 10 00 71 00 01 00 05 00 03 48 75 03 63 00 00 06 74 49 6A 
00 00 01 00 02 10 00 71 00 01 00 07 00 02 4B 75 02 63 00 00 06 74 3F 69 
00 00 01 00 03 10 00 71 00 02 00 05 00 04 45 75 04 63 00 00 06 74 49 6C 
00 00 01 00 06 10 00 71 00 01 00 14 00 06 3F 75 06 63 00 00 06 74 49 6C 
00 00 01 00 03 10 00 71 00 02 00 05 00 05 42 75 05 63 00 00 06 74 47 6C 
00 00 01 00 02 10 00 71 00 01 00 07 00 02 4C 75 02 63 00 00 06 75 41 6A 
00 00 01 00 03 10 00 71 00 01 00 05 00 03 49 75 03 63 00 00 06 75 49 6C 
00 00 01 00 06 10 00 71 00 01 00 14 00 06 40 75 06 63 00 00 06 75 49 6B 
00 00 01 00 03 10 00 71 00 02 00 05 00 05 43 75 05 63 00 00 06 75 46 6B 
00 00 01 00 03 10 00 71 00 02 00 05 00 04 46 75 04 63 00 00 06 75 49 6C 
00 00 01 00 06 10 00 71 00 01 00 14 00 06 41 75 06 63 00 00 06 76 49 6C 
00 00 01 00 03 10 00 71 00 01 00 05 00 03 4A 75 03 63 00 00 06 76 49 69 
00 00 01 00 03 10 00 71 00 02 00 05 00 05 44 75 05 63 00 00 06 76 48 6B 
00 00 01 00 02 10 00 71 00 01 00 07 00 02 4D 75 02 63 00 00 06 76 43 6B 
00 00 01 00 03 10 00 71 00 02 00 05 00 04 47 75 04 63 00 00 06 76 49 6C 
00 00 01 00 03 10 00 71 00 01 00 05 00 03 4B 75 03 63 00 00 06 77 48 6B 
00 00 01 00 02 10 00 71 00 01 00 07 00 02 4E 75 02 63 00 00 06 77 44 6A 
00 00 01 00 03 10 00 71 00 02 00 05 00 04 48 75 04 63 00 00 06 77 48 6C 
00 00 01 00 06 10 00 71 00 01 00 13 00 06 42 75 06 63 00 00 06 77 49 6C 
00 00 01 00 03 10 00 71 00 02 00 05 00 05 45 75 05 63 00 00 06 77 49 6C 
00 00 01 00 03 10 00 71 00 01 00 05 00 03 4C 75 03 63 00 00 06 78 48 6B 
00 00 01 00 02 10 00 71 00 01 00 07 00 02 4F 75 02 63 00 00 06 78 45 6B 
00 00 01 00 03 10 00 71 00 02 00 05 00 05 46 75 05 63 00 00 06 78 48 6B 
00 00 01 00 06 10 00 71 00 01 00 13 00 06 43 75 06 63 00 00 06 78 49 6C 
00 00 01 00 03 10 00 71 00 02 00 05 00 04 49 75 04 63 00 00 06 78 48 6C 
00 00 01 00 03 10 00 71 00 01 00 05 00 03 4D 75 03 63 00 00 06 79 49 6A 
00 00 01 00 02 10 00 71 00 01 00 07 00 02 50 75 02 63 00 00 06 79 3E 6A 
00 00 01 00 03 10 00 71 00 02 00 05 00 05 47 75 05 63 00 00 06 79 48 6B 
00 00 01 00 06 10 00 71 00 01 00 13 00 06 44 75 06 63 00 00 06 79 49 6A 
00 00 01 00 03 10 00 71 00 02 00 05 00 04 4A 75 04 63 00 00 06 79 49 6B 
00 00 01 00 02 10 00 71 00 01 00 07 00 02 51 75 02 63 00 00 06 7A 3E 6B 
00 00 01 00 03 10 00 71 00 01 00 05 00 03 4E 75 03 63 00 00 06 7A 48 6A 
00 00 01 00 06 10 00 71 00 01 00 12 00 06 45 75 06 63 00 00 06 7A 49 6C 
00 00 01 00 03 10 00 71 00 02 00 05 00 05 48 75 05 63 00 00 06 7A 48 6C 
00 00 01 00 03 10 00 71 00 02 00 05 00 04 4B 75 04 63 00 00 06 7A 49 6B 
00 00 01 00 02 10 00 71 00 01 00 06 00 02 52 75 02 63 00 00 06 7B 3B 65 
00 00 01 00 03 10 00 71 00 01 00 05 00 03 4F 75 03 63 00 00 06 7B 49 68 
00 00 01 00 03 10 00 71 00 02 00 05 00 05 49 75 05 63 00 00 06 7B 49 6B 
00 00 01 00 06 10 00 71 00 01 00 12 00 06 46 75 06 63 00 00 06 7B 49 6C 
00 00 01 00 03 10 00 71 00 02 00 05 00 04 4C 75 04 63 00 00 06 7B 49 6B 
00 00 01 00 02 10 00 71 00 01 00 06 00 02 53 75 02 63 00 00 06 7C 3D 6B 
00 00 01 00 03 10 00 71 00 01 00 05 00 03 50 75 03 63 00 00 06 7C 49 6A 
00 00 01 00 03 10 00 71 00 02 00 05 00 04 4D 75 04 63 00 00 06 7C 4A 6B 
00 00 01 00 02 10 00 71 00 01 00 06 00 02 53 75 02 63 00 00 06 7C 3D 6B 
00 00 01 00 06 10 00 71 00 01 00 12 00 06 47 75 06 63 00 00 06 7C 49 6B 
00 00 01 00 03 10 00 71 00 02 00 05 00 05 4A 75 05 63 00 00 06 7C 49 6C 
00 00 01 00 03 10 00 71 00 01 00 05 00 03 51 75 03 63 00 00 06 7D 49 6B 
00 00 01 00 02 10 00 71 00 01 00 06 00 02 54 75 02 63 00 00 06 7D 41 6C 
00 00 01 00 06 10 00 71 00 01 00 11 00 06 48 75 06 63 00 00 06 7D 49 6A 
00 00 01 00 03 10 00 71 00 02 00 05 00 04 4E 75 04 63 00 00 06 7D 49 6C 
00 00 01 00 03 10 00 71 00 02 00 05 00 05 4B 75 05 63 00 00 06 7D 47 6B 
00 00 01 00 03 10 00 71 00 01 00 05 00 03 52 75 03 63 00 00 06 7E 48 6A 
00 00 01 00 06 10 00 71 00 01 00 11 00 06 49 75 06 63 00 00 06 7E 49 6A 
00 00 01 00 02 10 00 71 00 01 00 06 00 02 55 75 02 63 00 00 06 7E 41 69 
00 00 01 00 03 10 00 71 00 02 00 05 00 04 4F 75 04 63 00 00 06 7E 48 6C 
00 00 01 00 03 10 00 71 00 02 00 05 00 05 4C 75 05 63 00 00 06 7E 47 69 
00 00 01 00 03 10 00 71 00 01 00 05 00 03 53 75 03 63 00 00 06 7F 49 6A 
00 00 01 00 06 10 00 71 00 01 00 11 00 06 4A 75 06 63 00 00 06 7F 48 6B 
00 00 01 00 03 10 00 71 00 02 00 05 00 05 4D 75 05 63 00 00 06 7F 48 6B 
00 00 01 00 02 10 00 71 00 01 00 06 00 02 56 75 02 63 00 00 06 7F 44 6B 
00 00 01 00 03 10 00 71 00 02 00 05 00 04 50 75 04 63 00 00 06 7F 49 6B 
00 00 01 00 02 10 00 71 00 01 00 06 00 02 57 75 02 63 00 00 06 80 45 6B 
00 00 01 00 06 10 00 71 00 01 00 10 00 06 4B 75 06 63 00 00 06 80 47 6C 
00 00 01 00 03 10 00 71 00 01 00 05 00 03 54 75 03 63 00 00 06 80 47 6C 
00 00 01 00 03 10 00 71 00 02 00 05 00 05 4E 75 05 63 00 00 06 80 47 6B 
00 00 01 00 03 10 00 71 00 02 00 05 00 04 51 75 04 63 00 00 06 80 49 6C 
00 00 01 00 02 10 00 71 00 01 00 06 00 02 58 75 02 63 00 00 06 81 45 6A 
00 00 01 00 03 10 00 71 00 01 00 05 00 03 55 75 03 63 00 00 06 81 47 6A 
00 00 01 00 03 10 00 71 00 02 00 05 00 05 4F 75 05 63 00 00 06 81 45 6B 
00 00 01 00 06 10 00 71 00 01 00 10 00 06 4C 75 06 63 00 00 06 81 46 6B 
00 00 01 00 03 10 00 71 00 02 00 05 00 04 52 75 04 63 00 00 06 81 49 6C 
00 00 01 00 03 10 00 71 00 01 00 05 00 03 56 75 03 63 00 00 06 82 47 6A 
00 00 01 00 02 10 00 71 00 01 00 06 00 02 59 75 02 63 00 00 06 82 46 68 
00 00 01 00 03 10 00 71 00 01 00 05 00 03 56 75 03 63 00 00 06 82 47 6A 
00 00 01 00 06 10 00 71 00 01 00 10 00 06 4D 75 06 63 00 00 06 82 47 6C 
00 00 01 00 03 10 00 71 00 02 00 05 00 05 50 75 05 63 00 00 06 82 46 6C 
00 00 01 00 03 10 00 71 00 02 00 05 00 04 53 75 04 63 00 00 06 82 47 6C 
00 00 01 00 03 10 00 71 00 01 00 05 00 03 57 75 03 63 00 00 06 83 48 6A 
00 00 01 00 03 10 00 71 00 01 00 05 00 03 57 75 03 63 00 00 06 83 48 6A 
00 00 01 00 02 10 00 71 00 01 00 06 00 02 5A 75 02 63 00 00 06 83 43 6B 
00 00 01 00 03 10 00 71 00 02 00 05 00 04 54 75 04 63 00 00 06 83 48 6C 
00 00 01 00 06 10 00 71 00 01 00 10 00 06 4E 75 06 63 00 00 06 83 48 6C 
00 00 01 00 03 10 00 71 00 02 00 05 00 05 51 75 05 63 00 00 06 83 47 6B 
00 00 01 00 02 10 00 71 00 01 00 06 00 02 5B 75 02 63 00 00 06 84 41 6B 
00 00 01 00 03 10 00 71 00 01 00 05 00 03 58 75 03 63 00 00 06 84 49 6B 
00 00 01 00 06 10 00 71 00 01 00 10 00 06 4F 75 06 63 00 00 06 84 49 6C 
00 00 01 00 03 10 00 71 00 02 00 05 00 04 55 75 04 63 00 00 06 84 49 6C 
00 00 01 00 03 10 00 71 00 02 00 05 00 05 52 75 05 63 00 00 06 84 48 69 
00 00 01 00 02 10 00 71 00 01 00 06 00 02 5C 75 02 63 00 00 06 85 39 63 
00 00 01 00 06 10 00 71 00 01 00 10 00 06 50 75 06 63 00 00 06 85 47 6C 
00 00 01 00 03 10 00 71 00 01 00 05 00 03 59 75 03 63 00 00 06 85 49 6B 
00 00 01 00 03 10 00 71 00 02 00 05 00 04 56 75 04 63 00 00 06 85 4A 6C 
00 00 01 00 03 10 00 71 00 02 00 05 00 05 53 75 05 63 00 00 06 85 4A 6B 
00 00 01 00 03 10 00 71 00 01 00 05 00 03 5A 75 03 63 00 00 06 86 49 6B 
00 00 01 00 06 10 00 71 00 01 00 10 00 06 51 75 06 63 00 00 06 86 47 6B 
00 00 01 00 03 10 00 71 00 02 00 05 00 04 57 75 04 63 00 00 06 86 49 6C 
00 00 01 00 02 10 00 71 00 01 00 06 00 02 5D 75 02 63 00 00 06 86 3F 69 
00 00 01 00 03 10 00 71 00 02 00 05 00 05 54 75 05 63 00 00 06 86 48 6C 
00 00 01 00 03 10 00 71 00 01 00 05 00 03 5B 75 03 63 00 00 06 87 48 6B 
00 00 01 00 02 10 00 71 00 01 00 06 00 02 5E 75 02 63 00 00 06 87 40 6A 
00 00 01 00 06 10 00 71 00 01 00 10 00 06 52 75 06 63 00 00 06 87 46 6C 
00 00 01 00 03 10 00 71 00 02 00 05 00 04 58 75 04 63 00 00 06 87 49 6C 
00 00 01 00 03 10 00 71 00 02 00 05 00 05 55 75 05 63 00 00 06 87 47 6A 
00 00 01 00 06 10 00 71 00 01 00 10 00 06 53 75 06 63 00 00 06 88 46 6A 
00 00 01 00 02 10 00 71 00 01 00 06 00 02 5F 75 02 63 00 00 06 88 44 6C 
00 00 01 00 03 10 00 71 00 01 00 05 00 03 5C 75 03 63 00 00 06 88 46 6C 
00 00 01 00 03 10 00 71 00 02 00 05 00 04 59 75 04 63 00 00 06 88 48 6C 
00 00 01 00 03 10 00 71 00 02 00 05 00 05 56 75 05 63 00 00 06 88 47 6B 
00 00 01 00 03 10 00 71 00 01 00 05 00 03 5D 75 03 63 00 00 06 89 46 6B 
00 00 01 00 02 10 00 71 00 01 00 06 00 02 60 75 02 63 00 00 06 89 43 6B 
00 00 01 00 06 10 00 71 00 01 00 0E 00 06 54 75 06 63 00 00 06 89 47 6C 
00 00 01 00 03 10 00 71 00 02 00 05 00 04 5A 75 04 63 00 00 06 89 48 6C 
00 00 01 00 03 10 00 71 00 02 00 05 00 05 57 75 05 63 00 00 06 89 46 6B 
00 00 01 00 06 10 00 71 00 01 00 0E 00 06 55 75 06 63 00 00 06 8A 47 6A 
00 00 01 00 03 10 00 71 00 01 00 05 00 03 5E 75 03 63 00 00 06 8A 47 6B 
00 00 01 00 02 10 00 71 00 01 00 06 00 02 61 75 02 63 00 00 06 8A 43 69 
00 00 01 00 03 10 00 71 00 02 00 05 00 04 5B 75 04 63 00 00 06 8A 48 6C 
00 00 01 00 03 10 00 71 00 02 00 05 00 05 58 75 05 63 00 00 06 8A 48 6C 
00 00 01 00 03 10 00 71 00 01 00 05 00 03 5F 75 03 63 00 00 06 8B 48 68 
00 00 01 00 02 10 00 71 00 01 00 05 00 02 62 75 02 63 00 00 06 8B 44 6B 
00 00 01 00 03 10 00 71 00 02 00 05 00 04 5C 75 04 63 00 00 06 8B 49 6C 
00 00 01 00 06 10 00 71 00 01 00 0E 00 06 56 75 06 63 00 00 06 8B 48 67 
00 00 01 00 03 10 00 71 00 02 00 05 00 05 59 75 05 63 00 00 06 8B 4B 6C 
00 00 01 00 03 10 00 71 00 01 00 05 00 03 60 75 03 63 00 00 06 8C 46 6B 
00 00 01 00 06 10 00 71 00 01 00 0E 00 06 57 75 06 63 00 00 06 8C 49 6B 
00 00 01 00 02 10 00 71 00 01 00 05 00 02 63 75 02 63 00 00 06 8C 45 6A 
00 00 01 00 03 10 00 71 00 02 00 05 00 04 5D 75 04 63 00 00 06 8C 49 6B 
00 00 01 00 03 10 00 71 00 02 00 05 00 05 5A 75 05 63 00 00 06 8C 4A 6C 
00 00 01 00 06 10 00 71 00 01 00 0D 00 06 58 75 06 63 00 00 06 8D 48 6C 
00 00 01 00 02 10 00 71 00 01 00 05 00 02 64 75 02 63 00 00 06 8D 45 6B 
00 00 01 00 03 10 00 71 00 01 00 05 00 03 61 75 03 63 00 00 06 8D 46 6B 
00 00 01 00 03 10 00 71 00 02 00 05 00 05 5B 75 05 63 00 00 06 8D 4A 6B 
00 00 01 00 03 10 00 71 00 02 00 05 00 04 5E 75 04 63 00 00 06 8D 47 6B 
00 00 01 00 06 10 00 71 00 01 00 0D 00 06 59 75 06 63 00 00 06 8E 49 6C 
00 00 01 00 02 10 00 71 00 01 00 05 00 02 65 75 02 63 00 00 06 8E 45 6A 
00 00 01 00 03 10 00 71 00 01 00 05 00 03 62 75 03 63 00 00 06 8E 46 6B 
00 00 01 00 03 10 00 71 00 02 00 05 00 05 5C 75 05 63 00 00 06 8E 49 6C 
00 00 01 00 03 10 00 71 00 02 00 05 00 04 5F 75 04 63 00 00 06 8E 47 6B 
00 00 01 00 06 10 00 71 00 01 00 0D 00 06 5A 75 06 63 00 00 06 8F 49 6C 
00 00 01 00 02 10 00 71 00 01 00 05 00 02 66 75 02 63 00 00 06 8F 45 6B 
00 00 01 00 03 10 00 71 00 01 00 05 00 03 63 75 03 63 00 00 06 8F 48 69 
00 00 01 00 03 10 00 71 00 02 00 05 00 04 60 75 04 63 00 00 06 8F 48 6B 
00 00 01 00 03 10 00 71 00 02 00 05 00 05 5D 75 05 63 00 00 06 8F 49 6B 
00 00 01 00 02 10 00 71 00 01 00 05 00 02 67 75 02 63 00 00 06 90 42 6C 
00 00 01 00 03 10 00 71 00 01 00 05 00 03 64 75 03 63 00 00 06 90 47 69 
00 00 01 00 03 10 00 71 00 02 00 05 00 04 61 75 04 63 00 00 06 90 49 6B 
00 00 01 00 06 10 00 71 00 01 00 0D 00 06 5B 75 06 63 00 00 06 90 48 6C 
00 00 01 00 03 10 00 71 00 02 00 05 00 05 5E 75 05 63 00 00 06 90 49 6C 
00 00 01 00 03 10 00 71 00 01 00 05 00 03 65 75 03 63 00 00 06 91 47 6B 
00 00 01 00 02 10 00 71 00 01 00 05 00 02 68 75 02 63 00 00 06 91 44 6B 
00 00 01 00 03 10 00 71 00 02 00 05 00 04 62 75 04 63 00 00 06 91 49 6C 
00 00 01 00 06 10 00 71 00 01 00 0C 00 06 5C 75 06 63 00 00 06 91 49 6C 
00 00 01 00 03 10 00 71 00 02 00 05 00 05 5F 75 05 63 00 00 06 91 49 6B 
00 00 01 00 02 10 00 71 00 01 00 05 00 02 69 75 02 63 00 00 06 92 46 6B 
00 00 01 00 03 10 00 71 00 01 00 05 00 03 66 75 03 63 00 00 06 92 48 6B 
00 00 01 00 06 10 00 71 00 01 00 0C 00 06 5D 75 06 63 00 00 06 92 4A 6B 
00 00 01 00 03 10 00 71 00 02 00 05 00 04 63 75 04 63 00 00 06 92 47 6B 
00 00 01 00 03 10 00 71 00 02 00 05 00 05 60 75 05 63 00 00 06 92 48 6A 
00 00 01 00 03 10 00 71 00 01 00 05 00 03 67 75 03 63 00 00 06 93 4B 6B 
00 00 01 00 02 10 00 71 00 01 00 05 00 02 6A 75 02 63 00 00 06 93 45 6B 
00 00 01 00 03 10 00 71 00 02 00 05 00 05 61 75 05 63 00 00 06 93 49 6C 
00 00 01 00 06 10 00 71 00 01 00 0C 00 06 5E 75 06 63 00 00 06 93 4A 6A 
00 00 01 00 03 10 00 71 00 02 00 05 00 04 64 75 04 63 00 00 06 93 4A 6C 
00 00 01 00 06 10 00 71 00 01 00 0C 00 06 5F 75 06 63 00 00 06 94 49 6A 
00 00 01 00 03 10 00 71 00 01 00 05 00 03 68 75 03 63 00 00 06 94 49 6A 
00 00 01 00 02 10 00 71 00 01 00 05 00 02 6B 75 02 63 00 00 06 94 47 6A 
00 00 01 00 03 10 00 71 00 02 00 05 00 05 62 75 05 63 00 00 06 94 49 6B 
00 00 01 00 03 10 00 71 00 02 00 05 00 04 65 75 04 63 00 00 06 94 49 6B 
00 00 01 00 02 10 00 71 00 01 00 05 00 02 6C 75 02 63 00 00 06 95 45 69 
00 00 01 00 03 10 00 71 00 01 00 05 00 03 69 75 03 63 00 00 06 95 49 6C 
00 00 01 00 06 10 00 71 00 01 00 0C 00 06 60 75 06 63 00 00 06 95 49 69 
00 00 01 00 03 10 00 71 00 02 00 05 00 04 66 75 04 63 00 00 06 95 48 6B 
00 00 01 00 03 10 00 71 00 02 00 05 00 05 63 75 05 63 00 00 06 95 49 6A 
