2 65
2 65
2 66
2 66
2 66
2 69
2 74
2 74
2 75
2 78
2 78
2 79
2 79
2 80
2 80
2 81
2 81
2 82
2 83
2 83
2 83
2 83
2 83
2 83
2 84
2 85
2 85
2 85
2 90
3 70
3 71
3 73
3 73
3 73
3 73
3 75
3 75
3 75
3 75
3 77
3 77
3 77
3 78
3 78
3 78
3 79
3 80
3 80
3 80
3 81
3 81
3 81
3 81
3 82
3 82
3 82
3 83
3 83
4 54
4 62
4 62
4 63
4 63
4 65
4 65
4 65
4 66
4 67
4 68
4 68
4 69
4 70
4 70
4 71
4 71
4 72
4 74
4 75
4 75
4 75
4 77
4 77
4 78
4 78
4 79
4 81
4 82
5 62
5 68
5 68
5 69
5 69
5 69
5 69
5 70
5 71
5 71
5 71
5 71
5 71
5 71
5 71
5 71
5 73
5 73
5 74
5 75
5 75
5 75
5 75
5 75
5 76
5 77
5 77
5 77
5 79
6 62
6 62
6 64
6 64
6 65
6 67
6 68
6 68
6 68
6 68
6 68
6 69
6 69
6 69
6 69
6 69
6 69
6 70
6 71
6 71
6 71
6 72
6 73
6 74
6 74
6 75
6 76
6 77
6 77
