2 58
2 59
2 63
2 63
2 63
2 63
2 64
2 64
2 64
2 64
2 64
2 64
2 64
2 64
2 65
2 65
2 65
2 65
2 65
2 65
2 65
2 65
2 65
2 65
2 65
2 65
2 65
2 65
2 66
2 66
2 66
3 65
3 66
3 67
3 67
3 67
3 67
3 67
3 68
3 68
3 68
3 68
3 68
3 68
3 68
3 68
3 69
3 69
3 69
3 69
3 69
3 69
3 69
3 69
3 69
3 69
3 69
3 70
3 70
3 70
4 64
4 65
4 67
4 67
4 68
4 68
4 69
4 69
4 69
4 70
4 71
4 71
4 71
4 72
4 72
4 73
4 73
4 73
4 73
4 73
4 75
4 75
4 75
4 75
4 75
4 77
4 77
4 77
5 82
5 82
5 82
5 82
5 82
5 82
5 82
5 82
5 83
5 83
5 83
5 83
5 83
5 83
5 83
5 83
5 83
5 83
5 83
5 83
5 83
5 83
5 83
5 83
5 83
5 83
5 83
5 85
6 77
6 77
6 77
6 80
6 81
6 81
6 81
6 81
6 81
6 81
6 81
6 81
6 81
6 81
6 81
6 81
6 82
6 82
6 82
6 82
6 82
6 82
6 82
6 82
6 82
6 82
6 82
6 83
6 83
