2 83
2 83
2 83
2 83
2 83
2 83
2 83
2 83
2 83
2 83
2 83
2 83
2 84
2 84
2 84
2 84
2 84
2 84
2 84
2 85
2 85
2 85
2 85
2 85
2 85
2 85
2 85
2 85
2 85
2 85
2 85
2 85
2 85
2 86
3 73
3 73
3 74
3 75
3 75
3 76
3 77
3 77
3 77
3 77
3 77
3 77
3 77
3 77
3 77
3 77
3 77
3 77
3 77
3 77
3 77
3 77
3 78
3 79
3 79
3 80
3 82
3 82
4 52
4 53
4 54
4 55
4 57
4 59
4 60
4 61
4 61
4 62
4 63
4 64
4 64
4 66
4 67
4 67
4 67
4 67
4 69
4 71
4 72
4 72
4 72
4 73
4 74
4 75
5 72
5 73
5 73
5 73
5 73
5 73
5 74
5 74
5 74
5 74
5 74
5 74
5 74
5 74
5 75
5 75
5 75
5 75
5 75
5 75
5 75
5 75
5 75
5 75
5 75
5 76
5 77
5 77
6 57
6 63
6 63
6 63
6 63
6 63
6 63
6 63
6 63
6 63
6 64
6 64
6 65
6 65
6 65
6 65
6 65
6 65
6 65
6 66
6 66
6 66
6 67
6 68
6 68
6 69
6 69
6 69
6 69
