2 69
2 69
2 69
2 69
2 69
2 69
2 69
2 69
2 69
2 69
2 69
2 69
2 70
2 70
2 70
2 70
2 70
2 70
2 70
2 70
2 70
2 70
2 71
2 71
2 71
2 71
2 71
2 71
2 71
2 71
2 71
2 71
2 71
3 64
3 65
3 65
3 65
3 66
3 66
3 66
3 66
3 66
3 66
3 66
3 66
3 66
3 66
3 66
3 67
3 67
3 67
3 67
3 67
3 67
3 67
3 68
3 68
3 68
3 69
3 69
3 70
4 58
4 66
4 67
4 67
4 67
4 69
4 69
4 69
4 69
4 69
4 69
4 69
4 69
4 69
4 69
4 69
4 69
4 69
4 70
4 70
4 70
4 71
4 71
4 72
4 72
4 73
4 73
4 74
5 77
5 77
5 79
5 79
5 79
5 79
5 80
5 80
5 80
5 80
5 80
5 80
5 80
5 81
5 81
5 81
5 81
5 81
5 81
5 81
5 81
5 81
5 81
5 81
5 81
5 82
5 82
5 83
6 77
6 77
6 77
6 78
6 79
6 79
6 79
6 79
6 79
6 79
6 79
6 79
6 79
6 79
6 79
6 80
6 80
6 80
6 80
6 80
6 80
6 81
6 81
6 81
6 81
6 81
6 81
6 81
