2 56
2 58
2 59
2 60
2 60
2 60
2 60
2 60
2 61
2 61
2 61
2 61
2 61
2 61
2 61
2 61
2 62
2 62
2 62
2 64
2 64
2 65
2 66
2 66
2 67
2 67
2 67
2 67
2 67
2 68
2 69
3 62
3 62
3 63
3 63
3 65
3 66
3 67
3 67
3 67
3 68
3 69
3 70
3 75
3 77
3 77
3 77
3 77
3 77
3 78
3 78
3 78
3 78
3 79
3 79
3 79
3 79
3 79
3 79
3 80
3 80
4 61
4 64
4 65
4 65
4 67
4 67
4 68
4 68
4 69
4 71
4 73
4 73
4 75
4 75
4 75
4 75
4 77
4 77
4 77
4 79
4 79
4 79
4 79
4 79
4 79
4 79
4 79
4 80
4 81
5 65
5 67
5 69
5 70
5 70
5 71
5 73
5 75
5 76
5 77
5 78
5 78
5 78
5 79
5 79
5 79
5 79
5 79
5 79
5 80
5 80
5 80
5 81
5 81
5 81
5 82
5 83
6 61
6 61
6 66
6 66
6 66
6 67
6 67
6 68
6 69
6 69
6 69
6 70
6 71
6 71
6 73
6 74
6 75
6 75
6 75
6 75
6 75
6 75
6 76
6 77
6 77
6 78
6 78
6 79
