2 63
2 65
2 65
2 65
2 65
2 65
2 66
2 66
2 66
2 66
2 66
2 66
2 66
2 66
2 66
2 66
2 67
2 67
2 67
2 67
2 67
2 67
2 67
2 67
2 67
2 67
2 67
2 67
2 67
2 67
2 67
2 67
2 67
2 68
3 68
3 68
3 69
3 69
3 69
3 69
3 69
3 69
3 69
3 69
3 69
3 69
3 69
3 69
3 69
3 69
3 69
3 69
3 70
3 70
3 70
3 70
3 70
3 71
3 71
3 71
3 72
3 73
4 76
4 76
4 77
4 77
4 77
4 77
4 77
4 77
4 77
4 77
4 77
4 77
4 77
4 77
4 77
4 77
4 77
4 77
4 77
4 77
4 77
4 77
4 77
4 77
4 77
4 77
4 79
4 79
5 73
5 75
5 76
5 76
5 76
5 76
5 76
5 76
5 77
5 77
5 77
5 77
5 77
5 77
5 77
5 77
5 77
5 77
5 77
5 77
5 77
5 77
5 77
5 77
5 77
5 77
5 78
5 79
6 77
6 77
6 77
6 79
6 79
6 79
6 79
6 79
6 79
6 80
6 80
6 80
6 80
6 80
6 80
6 80
6 80
6 80
6 80
6 80
6 81
6 81
6 81
6 81
6 81
6 81
6 83
